Group num: 0, TC(X;Y_j): 1.918
properly, 0.071, 1.000, 0.071
youfeellikeshit.com, 0.068, 1.000, 0.068
fearful, 0.061, 1.000, 0.061
sulk, 0.055, 1.000, 0.055
self, 0.048, 1.000, 0.048
operate, 0.046, 1.000, 0.046
apply, 0.040, 1.000, 0.040
weary, 0.037, 1.000, 0.037
eachother, 0.034, 1.000, 0.034
remotely, 0.033, 1.000, 0.033
clause, 0.033, 1.000, 0.033
miraculously, 0.033, 1.000, 0.033
   

 , 0.033, 1.000, 0.033
😭, 0.032, 1.000, 0.032
severely, 0.029, 1.000, 0.029
wall, 0.027, 1.000, 0.027
yearn, 0.026, 1.000, 0.026
foot, 0.025, 1.000, 0.025
composite, 0.024, 1.000, 0.024
curse, 0.022, 1.000, 0.022
lunch, 0.022, 1.000, 0.022
boss, 0.022, 1.000, 0.022
huge, 0.022, 1.000, 0.022
I., 0.021, 1.000, 0.021
Middle, 0.021, 1.000, 0.021
unprovoked, 0.020, 1.000, 0.020
utterly, 0.020, 1.000, 0.020
device, 0.020, 1.000, 0.020
extension, 0.020, 1.000, 0.020
despair, 0.019, 1.000, 0.019
devolve, 0.019, 1.000, 0.019
adapt, 0.019, 1.000, 0.019
mum, 0.019, 1.000, 0.019
violent, 0.018, 1.000, 0.018
comfortable, 0.018, 1.000, 0.018
focus, 0.018, 1.000, 0.018
utter, 0.017, 1.000, 0.017
trigger, 0.017, 1.000, 0.017
nothingg, 0.016, 1.000, 0.016
dispose, 0.015, 1.000, 0.015
stimulus, 0.015, 1.000, 0.015
miserably, 0.015, 1.000, 0.015
skew, 0.015, 1.000, 0.015
zero, 0.015, 1.000, 0.015
contractor, 0.014, 1.000, 0.014
Coronavirus, 0.014, 1.000, 0.014
gist, 0.014, 1.000, 0.014
reiterate, 0.014, 1.000, 0.014
russian, 0.014, 1.000, 0.014
scared, 0.014, 1.000, 0.014
indoucee, 0.014, 1.000, 0.014
headlight, 0.013, 1.000, 0.013
Seattle, 0.013, 1.000, 0.013
thrill, 0.013, 1.000, 0.013
kiss, 0.013, 1.000, 0.013
offer, 0.013, 1.000, 0.013
indoctrination, 0.012, 1.000, 0.012
alien, 0.012, 1.000, 0.012
sex, 0.012, 1.000, 0.012
receive, 0.012, 1.000, 0.012
storm, 0.012, 1.000, 0.012
5, 0.012, 1.000, 0.012
progressively, 0.012, 1.000, 0.012
bubble, 0.011, 1.000, 0.011
coope, 0.011, 1.000, 0.011
relationship, 0.011, 1.000, 0.011
55, 0.011, 1.000, 0.011
49, 0.011, 1.000, 0.011
handful, 0.011, 1.000, 0.011
sure, 0.011, 1.000, 0.011
behavioral, 0.011, 1.000, 0.011
commit, 0.011, 1.000, 0.011
\[M20\, 0.011, 1.000, 0.011
scalp, 0.011, 1.000, 0.011
faster, 0.011, 1.000, 0.011
hotline, 0.011, 1.000, 0.011
molest, 0.010, 1.000, 0.010
emptiness, 0.010, 1.000, 0.010
amp;#x200B, 0.010, 1.000, 0.010
msg, 0.010, 1.000, 0.010
ease, 0.010, 1.000, 0.010
rot, 0.010, 1.000, 0.010
club, 0.010, 1.000, 0.010
relatable, 0.010, 1.000, 0.010
prove, 0.010, 1.000, 0.010
pornography, 0.010, 1.000, 0.010
police, 0.010, 1.000, 0.010
upload, 0.009, 1.000, 0.009
pantry, 0.009, 1.000, 0.009
unlocked, 0.009, 1.000, 0.009
perfectly, 0.009, 1.000, 0.009
tel, 0.009, 1.000, 0.009
possible, 0.009, 1.000, 0.009
hold, 0.009, 1.000, 0.009
vomiting, 0.009, 1.000, 0.009
stress, 0.009, 1.000, 0.009
dollar, 0.009, 1.000, 0.009
enhance, 0.009, 1.000, 0.009
swallow, 0.009, 1.000, 0.009
run, 0.009, 1.000, 0.009
hearte, 0.009, 1.000, 0.009
tooth, 0.008, 1.000, 0.008
coworker, 0.008, 1.000, 0.008
nauseous, 0.008, 1.000, 0.008
lamp, 0.008, 1.000, 0.008
scope, 0.008, 1.000, 0.008
accountability, 0.008, 1.000, 0.008
cruel, 0.008, 1.000, 0.008
don\`t, 0.008, 1.000, 0.008
logic, 0.008, 1.000, 0.008
careful, 0.008, 1.000, 0.008
East, 0.008, 1.000, 0.008
responsibility, 0.008, 1.000, 0.008
sister-, 0.008, 1.000, 0.008
tip, 0.008, 1.000, 0.008
warm, 0.008, 1.000, 0.008
public, 0.008, 1.000, 0.008
energize, 0.008, 1.000, 0.008
mouthing, 0.008, 1.000, 0.008
lame, 0.007, 1.000, 0.007
hospitalize, 0.007, 1.000, 0.007
plate, 0.007, 1.000, 0.007
dependent, 0.007, 1.000, 0.007
laughing, 0.007, 1.000, 0.007
straight, 0.007, 1.000, 0.007
mad, 0.007, 1.000, 0.007
crying, 0.007, 1.000, 0.007
disadvantage, 0.007, 1.000, 0.007
upcome, 0.007, 1.000, 0.007
instagram, 0.007, 1.000, 0.007
https://discord.gg/q5tqp3d](https://discord.gg/q5tqp3d, 0.007, 1.000, 0.007
typical, 0.007, 1.000, 0.007
escape, 0.007, 1.000, 0.007
rate, 0.007, 1.000, 0.007
dot, 0.007, 1.000, 0.007
myself(diagnose, 0.007, 1.000, 0.007
skills.(I'm, 0.007, 1.000, 0.007
course, 0.007, 1.000, 0.007
humiliation, 0.007, 1.000, 0.007
candy, 0.007, 1.000, 0.007
irrational, 0.007, 1.000, 0.007
blah, 0.007, 1.000, 0.007
song, 0.007, 1.000, 0.007
demise, 0.006, 1.000, 0.006
easily, 0.006, 1.000, 0.006
agree, 0.006, 1.000, 0.006
app, 0.006, 1.000, 0.006
socialize, 0.006, 1.000, 0.006
initial, 0.006, 1.000, 0.006
lighting, 0.006, 1.000, 0.006
load, 0.006, 1.000, 0.006
2/17/2020, 0.006, 1.000, 0.006
slash, 0.006, 1.000, 0.006
sickness, 0.006, 1.000, 0.006
SINGLE, 0.006, 1.000, 0.006
marginal, 0.006, 1.000, 0.006
habit, 0.006, 1.000, 0.006
department, 0.006, 1.000, 0.006
university, 0.006, 1.000, 0.006
Palsy, 0.006, 1.000, 0.006
tea, 0.006, 1.000, 0.006
sabotaging, 0.006, 1.000, 0.006
large, 0.006, 1.000, 0.006
mask, 0.006, 1.000, 0.006
piece, 0.006, 1.000, 0.006
ship, 0.006, 1.000, 0.006
hint, 0.006, 1.000, 0.006
responsible, 0.006, 1.000, 0.006
sadly, 0.006, 1.000, 0.006
playlist, 0.006, 1.000, 0.006
clothe, 0.006, 1.000, 0.006
confidence, 0.006, 1.000, 0.006
costumer, 0.006, 1.000, 0.006
prescription, 0.006, 1.000, 0.006
ask, 0.005, 1.000, 0.005
quiet, 0.005, 1.000, 0.005
hate, 0.005, 1.000, 0.005
capacity, 0.005, 1.000, 0.005
horribly, 0.005, 1.000, 0.005
slit, 0.005, 1.000, 0.005
past, 0.005, 1.000, 0.005
excuse, 0.005, 1.000, 0.005
smell, 0.005, 1.000, 0.005
floor, 0.005, 1.000, 0.005
annoying, 0.005, 1.000, 0.005
substance, 0.005, 1.000, 0.005
rig, 0.005, 1.000, 0.005
ignore, 0.005, 1.000, 0.005
girlfriend, 0.005, 1.000, 0.005
elementary, 0.005, 1.000, 0.005
value, 0.005, 1.000, 0.005
internship, 0.005, 1.000, 0.005
strong, 0.005, 1.000, 0.005
act, 0.005, 1.000, 0.005
support, 0.005, 1.000, 0.005


  
 , 0.005, 1.000, 0.005
uni, 0.005, 1.000, 0.005
cheerful, 0.005, 1.000, 0.005
distance, 0.005, 1.000, 0.005
date, 0.005, 1.000, 0.005
spur, 0.005, 1.000, 0.005
lock, 0.005, 1.000, 0.005
partie, 0.005, 1.000, 0.005
colour, 0.005, 1.000, 0.005
shower, 0.004, 1.000, 0.004
engaging, 0.004, 1.000, 0.004
108, 0.004, 1.000, 0.004
force, 0.004, 1.000, 0.004
thirty, 0.004, 1.000, 0.004
admire, 0.004, 1.000, 0.004
unloved, 0.004, 1.000, 0.004
solitary, 0.004, 1.000, 0.004
suppress, 0.004, 1.000, 0.004
cis, 0.004, 1.000, 0.004
giant, 0.004, 1.000, 0.004
fantasize, 0.004, 1.000, 0.004
Vets, 0.004, 1.000, 0.004
backstabbe, 0.004, 1.000, 0.004
minimal, 0.004, 1.000, 0.004
position, 0.004, 1.000, 0.004
despite, 0.004, 1.000, 0.004
feed, 0.004, 1.000, 0.004
incapable, 0.004, 1.000, 0.004
eviscerate, 0.004, 1.000, 0.004

    , 0.004, 1.000, 0.004
confident, 0.004, 1.000, 0.004
record, 0.004, 1.000, 0.004
hearing, 0.004, 1.000, 0.004
inflict, 0.004, 1.000, 0.004
platform, 0.004, 1.000, 0.004
obvious, 0.004, 1.000, 0.004
vanish, 0.004, 1.000, 0.004
regret, 0.004, 1.000, 0.004
mother, 0.004, 1.000, 0.004
win, 0.004, 1.000, 0.004
resist, 0.004, 1.000, 0.004
survival, 0.004, 1.000, 0.004
pay, 0.004, 1.000, 0.004
reflexively, 0.004, 1.000, 0.004
title, 0.004, 1.000, 0.004
fully, 0.004, 1.000, 0.004
accuse, 0.004, 1.000, 0.004
lonely, 0.004, 1.000, 0.004
Dec, 0.004, 1.000, 0.004
esteem, 0.004, 1.000, 0.004
option, 0.004, 1.000, 0.004
neglect, 0.004, 1.000, 0.004
drawing, 0.004, 1.000, 0.004
pick, 0.004, 1.000, 0.004
stumble, 0.004, 1.000, 0.004
Xx, 0.004, 1.000, 0.004
preserve, 0.004, 1.000, 0.004
provide, 0.004, 1.000, 0.004
festival, 0.004, 1.000, 0.004
:D, 0.004, 1.000, 0.004
uncapable, 0.004, 1.000, 0.004
reset, 0.004, 1.000, 0.004
Sicily, 0.004, 1.000, 0.004
means, 0.004, 1.000, 0.004
teacher, 0.004, 1.000, 0.004
sound, 0.004, 1.000, 0.004
surprise, 0.004, 1.000, 0.004
basis, 0.004, 1.000, 0.004
exact, 0.003, 1.000, 0.003
condone, 0.003, 1.000, 0.003
stunt, 0.003, 1.000, 0.003

 
 , 0.003, 1.000, 0.003
vent, 0.003, 1.000, 0.003
disregard, 0.003, 1.000, 0.003
bout, 0.003, 1.000, 0.003
likely, 0.003, 1.000, 0.003
carbon, 0.003, 1.000, 0.003
excruciating, 0.003, 1.000, 0.003
grieve, 0.003, 1.000, 0.003
personally, 0.003, 1.000, 0.003
nonstop, 0.003, 1.000, 0.003
message, 0.003, 1.000, 0.003
marathon, 0.003, 1.000, 0.003
slap, 0.003, 1.000, 0.003
come, 0.003, 1.000, 0.003
injury, 0.003, 1.000, 0.003
doodle, 0.003, 1.000, 0.003
bored, 0.003, 1.000, 0.003
stunted, 0.003, 1.000, 0.003
trajectory, 0.003, 1.000, 0.003
laughter, 0.003, 1.000, 0.003
3, 0.003, 1.000, 0.003
phrase, 0.003, 1.000, 0.003
reference, 0.003, 1.000, 0.003
rare, 0.003, 1.000, 0.003
pass, 0.003, 1.000, 0.003
medium, 0.003, 1.000, 0.003
today, 0.003, 1.000, 0.003
bestie, 0.003, 1.000, 0.003
disclaimer, 0.003, 1.000, 0.003
taste, 0.003, 1.000, 0.003
depress, 0.003, 1.000, 0.003
worry, 0.003, 1.000, 0.003
smile, 0.003, 1.000, 0.003
school(senior, 0.003, 1.000, 0.003
psycho, 0.003, 1.000, 0.003
friendship, 0.003, 1.000, 0.003
shape, 0.003, 1.000, 0.003
fit, 0.003, 1.000, 0.003
x, 0.003, 1.000, 0.003
chaos, 0.003, 1.000, 0.003
claim, 0.003, 1.000, 0.003
lack, 0.003, 1.000, 0.003
presumably, 0.003, 1.000, 0.003
steal, 0.003, 1.000, 0.003
friday, 0.003, 1.000, 0.003
weird, 0.003, 1.000, 0.003
regardless, 0.003, 1.000, 0.003
glad, 0.003, 1.000, 0.003
heartbroken, 0.003, 1.000, 0.003
pahtic, 0.003, 1.000, 0.003
clock, 0.003, 1.000, 0.003
reject, 0.003, 1.000, 0.003
sry, 0.003, 1.000, 0.003
trap, 0.003, 1.000, 0.003
press, 0.003, 1.000, 0.003
nude, 0.003, 1.000, 0.003
usually, 0.003, 1.000, 0.003
soul, 0.003, 1.000, 0.003
talent, 0.003, 1.000, 0.003
overwhelm, 0.003, 1.000, 0.003
abundant, 0.003, 1.000, 0.003
immediately, 0.003, 1.000, 0.003
lt, 0.003, 1.000, 0.003
everybody, 0.003, 1.000, 0.003
accountable, 0.003, 1.000, 0.003
AZ, 0.003, 1.000, 0.003
sneeze, 0.003, 1.000, 0.003
2020, 0.003, 1.000, 0.003
pretend, 0.003, 1.000, 0.003
essential, 0.003, 1.000, 0.003
thought, 0.003, 1.000, 0.003

   , 0.003, 1.000, 0.003
advance, 0.003, 1.000, 0.003
family, 0.002, 1.000, 0.002
react, 0.002, 1.000, 0.002
crippling, 0.002, 1.000, 0.002
nap, 0.002, 1.000, 0.002
right, 0.002, 1.000, 0.002
sorry, 0.002, 1.000, 0.002
argue, 0.002, 1.000, 0.002
Ari, 0.002, 1.000, 0.002
brother, 0.002, 1.000, 0.002
determination, 0.002, 1.000, 0.002
distant, 0.002, 1.000, 0.002
councillor, 0.002, 1.000, 0.002
space, 0.002, 1.000, 0.002
frostbite, 0.002, 1.000, 0.002
formless, 0.002, 1.000, 0.002
fade, 0.002, 1.000, 0.002
charity, 0.002, 1.000, 0.002
willingly, 0.002, 1.000, 0.002
opposite, 0.002, 1.000, 0.002
natural, 0.002, 1.000, 0.002
psychiatrist, 0.002, 1.000, 0.002
oof, 0.002, 1.000, 0.002
square, 0.002, 1.000, 0.002
48, 0.002, 1.000, 0.002
oversober, 0.002, 1.000, 0.002
nuise, 0.002, 1.000, 0.002
cusp, 0.002, 1.000, 0.002
handle, 0.002, 1.000, 0.002
fiance, 0.002, 1.000, 0.002
forgery, 0.002, 1.000, 0.002
reflux, 0.002, 1.000, 0.002
dislike, 0.002, 1.000, 0.002
hell, 0.002, 1.000, 0.002
patch, 0.002, 1.000, 0.002
uncertainty, 0.002, 1.000, 0.002
mainly, 0.002, 1.000, 0.002
encounter, 0.002, 1.000, 0.002
random, 0.002, 1.000, 0.002
shortly, 0.002, 1.000, 0.002
inside, 0.002, 1.000, 0.002
outbreak, 0.002, 1.000, 0.002
conclusion, 0.002, 1.000, 0.002
release, 0.002, 1.000, 0.002
fog, 0.002, 1.000, 0.002
dread, 0.002, 1.000, 0.002
tattere, 0.002, 1.000, 0.002
foster, 0.002, 1.000, 0.002
transition, 0.002, 1.000, 0.002
clothing, 0.002, 1.000, 0.002
preach, 0.002, 1.000, 0.002
❤, 0.002, 1.000, 0.002
president, 0.002, 1.000, 0.002
concerned, 0.002, 1.000, 0.002
rope, 0.002, 1.000, 0.002
visa, 0.002, 1.000, 0.002
broken, 0.002, 1.000, 0.002
accident, 0.002, 1.000, 0.002
clearly, 0.002, 1.000, 0.002
conversation, 0.002, 1.000, 0.002
relieve, 0.002, 1.000, 0.002
extensive, 0.002, 1.000, 0.002
apartment, 0.002, 1.000, 0.002
chance, 0.002, 1.000, 0.002
desire, 0.002, 1.000, 0.002
wrist, 0.002, 1.000, 0.002
relief, 0.002, 1.000, 0.002
new, 0.002, 1.000, 0.002
person, 0.002, 1.000, 0.002
WVERY, 0.002, 1.000, 0.002
bad, 0.002, 1.000, 0.002
voice, 0.002, 1.000, 0.002
city, 0.002, 1.000, 0.002
Bless, 0.002, 1.000, 0.002
hair, 0.002, 1.000, 0.002
demotivate, 0.002, 1.000, 0.002
Christians, 0.002, 1.000, 0.002
recommendation, 0.002, 1.000, 0.002
iPhone, 0.002, 1.000, 0.002
desperately, 0.002, 1.000, 0.002
anybody, 0.002, 1.000, 0.002
generous, 0.002, 1.000, 0.002
cashier, 0.002, 1.000, 0.002
let, 0.002, 1.000, 0.002
change, 0.002, 1.000, 0.002
breaker, 0.002, 1.000, 0.002
percentage, 0.002, 1.000, 0.002
pleasantry, 0.002, 1.000, 0.002
shutdown, 0.002, 1.000, 0.002
hyper, 0.002, 1.000, 0.002
detention, 0.002, 1.000, 0.002
tragic, 0.002, 1.000, 0.002
combination, 0.002, 1.000, 0.002
minute, 0.002, 1.000, 0.002
little, 0.002, 1.000, 0.002
tho, 0.002, 1.000, 0.002
redo, 0.002, 1.000, 0.002
anyways, 0.002, 1.000, 0.002
meantime, 0.002, 1.000, 0.002
i\`m, 0.002, 1.000, 0.002
drug, 0.002, 1.000, 0.002
unbearable, 0.002, 1.000, 0.002
goverment, 0.002, 1.000, 0.002
best, 0.002, 1.000, 0.002
dizzy, 0.002, 1.000, 0.002
lesson, 0.002, 1.000, 0.002
patience, 0.002, 1.000, 0.002
messaging, 0.002, 1.000, 0.002
good, 0.002, 1.000, 0.002
text, 0.002, 1.000, 0.002
sudi, 0.002, 1.000, 0.002
mountain, 0.002, 1.000, 0.002
fee, 0.002, 1.000, 0.002
illness, 0.002, 1.000, 0.002
shock, 0.002, 1.000, 0.002
inability, 0.002, 1.000, 0.002
question, 0.002, 1.000, 0.002
m, 0.002, 1.000, 0.002
adopt, 0.002, 1.000, 0.002
torture, 0.002, 1.000, 0.002
trustworthy, 0.002, 1.000, 0.002
depressing, 0.002, 1.000, 0.002
grandmas, 0.002, 1.000, 0.002
contact, 0.002, 1.000, 0.002
loop, 0.002, 1.000, 0.002
ridden, 0.002, 1.000, 0.002
religion, 0.002, 1.000, 0.002
door, 0.002, 1.000, 0.002
timing, 0.002, 1.000, 0.002
worth, 0.002, 1.000, 0.002
unimpressive, 0.002, 1.000, 0.002
sweet, 0.002, 1.000, 0.002
feather, 0.002, 1.000, 0.002
Video, 0.002, 1.000, 0.002
37, 0.002, 1.000, 0.002
process, 0.002, 1.000, 0.002
nasty, 0.002, 1.000, 0.002
ay, 0.002, 1.000, 0.002
tire, 0.002, 1.000, 0.002
insane, 0.002, 1.000, 0.002
Prevention, 0.002, 1.000, 0.002
clarify, 0.002, 1.000, 0.002
rise, 0.002, 1.000, 0.002
goal, 0.002, 1.000, 0.002
flavour, 0.001, 1.000, 0.001
cater, 0.001, 1.000, 0.001
foo, 0.001, 1.000, 0.001
small, 0.001, 1.000, 0.001
reddit, 0.001, 1.000, 0.001
add, 0.001, 1.000, 0.001
speaker, 0.001, 1.000, 0.001
arrest, 0.001, 1.000, 0.001
Master, 0.001, 1.000, 0.001
addition, 0.001, 1.000, 0.001
secretly, 0.001, 1.000, 0.001
weakness, 0.001, 1.000, 0.001
insurance, 0.001, 1.000, 0.001
exchange, 0.001, 1.000, 0.001
shuttle, 0.001, 1.000, 0.001
detriment, 0.001, 1.000, 0.001
rap, 0.001, 1.000, 0.001
help, 0.001, 1.000, 0.001
feedback, 0.001, 1.000, 0.001
prompt, 0.001, 1.000, 0.001
rid, 0.001, 1.000, 0.001
main, 0.001, 1.000, 0.001
backstory, 0.001, 1.000, 0.001
€, 0.001, 1.000, 0.001
homework, 0.001, 1.000, 0.001
section, 0.001, 1.000, 0.001
fish, 0.001, 1.000, 0.001
opportunity, 0.001, 1.000, 0.001
woth, 0.001, 1.000, 0.001
dogshit, 0.001, 1.000, 0.001
cotton, 0.001, 1.000, 0.001
apology, 0.001, 1.000, 0.001
beefy, 0.001, 1.000, 0.001
currently, 0.001, 1.000, 0.001
control, 0.001, 1.000, 0.001
punch, 0.001, 1.000, 0.001
ugly, 0.001, 1.000, 0.001
horrible, 0.001, 1.000, 0.001
direction, 0.001, 1.000, 0.001
throat, 0.001, 1.000, 0.001
explain-, 0.001, 1.000, 0.001
idea, 0.001, 1.000, 0.001
label, 0.001, 1.000, 0.001
biking, 0.001, 1.000, 0.001
clean, 0.001, 1.000, 0.001
acceptable, 0.001, 1.000, 0.001
tylenol, 0.001, 1.000, 0.001
wallet, 0.001, 1.000, 0.001
overcome, 0.001, 1.000, 0.001
meet, 0.001, 1.000, 0.001
assessment, 0.001, 1.000, 0.001
14, 0.001, 1.000, 0.001
helpless, 0.001, 1.000, 0.001
water, 0.001, 1.000, 0.001
cry, 0.001, 1.000, 0.001
hr, 0.001, 1.000, 0.001
palatable, 0.001, 1.000, 0.001
native, 0.001, 1.000, 0.001
compromise, 0.001, 1.000, 0.001
persistent, 0.001, 1.000, 0.001
context, 0.001, 1.000, 0.001
chinese, 0.001, 1.000, 0.001
dicke, 0.001, 1.000, 0.001
list, 0.001, 1.000, 0.001
Ik, 0.001, 1.000, 0.001
quietly, 0.001, 1.000, 0.001
user, 0.001, 1.000, 0.001
scenario, 0.001, 1.000, 0.001
estranged, 0.001, 1.000, 0.001
seek, 0.001, 1.000, 0.001
bawl, 0.001, 1.000, 0.001
honest, 0.001, 1.000, 0.001
colleague, 0.001, 1.000, 0.001
seeker, 0.001, 1.000, 0.001
achieve, 0.001, 1.000, 0.001
dust, 0.001, 1.000, 0.001
rob, 0.001, 1.000, 0.001
fallower, 0.001, 1.000, 0.001
market, 0.001, 1.000, 0.001
preschool, 0.001, 1.000, 0.001
sunshine, 0.001, 1.000, 0.001
Friday, 0.001, 1.000, 0.001
soften, 0.001, 1.000, 0.001
stillness, 0.001, 1.000, 0.001
inform, 0.001, 1.000, 0.001
recoup, 0.001, 1.000, 0.001
flexible, 0.001, 1.000, 0.001
treatment, 0.001, 1.000, 0.001
psychologically, 0.001, 1.000, 0.001
solace, 0.001, 1.000, 0.001
unnerve, 0.001, 1.000, 0.001
favourite, 0.001, 1.000, 0.001
detail, 0.001, 1.000, 0.001
purity, 0.001, 1.000, 0.001
sibling, 0.001, 1.000, 0.001
stuck, 0.001, 1.000, 0.001
parachute, 0.001, 1.000, 0.001
spike, 0.001, 1.000, 0.001
toilet, 0.001, 1.000, 0.001
annoyed, 0.001, 1.000, 0.001
trade, 0.001, 1.000, 0.001
paranoia, 0.001, 1.000, 0.001
occasionally, 0.001, 1.000, 0.001
9:30, 0.001, 1.000, 0.001
exhaustion, 0.001, 1.000, 0.001
iCloud, 0.001, 1.000, 0.001
apathy, 0.001, 1.000, 0.001
pawn, 0.001, 1.000, 0.001
aggressive, 0.001, 1.000, 0.001
unwanted, 0.001, 1.000, 0.001
New, 0.001, 1.000, 0.001
spare, 0.001, 1.000, 0.001
point, 0.001, 1.000, 0.001
math, 0.001, 1.000, 0.001
volunteer, 0.001, 1.000, 0.001
dialogue, 0.001, 1.000, 0.001
exhausted, 0.001, 1.000, 0.001
abd, 0.001, 1.000, 0.001
loved, 0.001, 1.000, 0.001
sues, 0.001, 1.000, 0.001
interpersonal, 0.001, 1.000, 0.001
service, 0.001, 1.000, 0.001
rough, 0.001, 1.000, 0.001
wink, 0.001, 1.000, 0.001
med, 0.001, 1.000, 0.001
ideal, 0.001, 1.000, 0.001
crumble, 0.001, 1.000, 0.001
cancer, 0.001, 1.000, 0.001
monster, 0.001, 1.000, 0.001
oversexualize, 0.001, 1.000, 0.001
forth, 0.001, 1.000, 0.001
instead, 0.001, 1.000, 0.001
wow, 0.001, 1.000, 0.001
october, 0.001, 1.000, 0.001
unworthy, 0.001, 1.000, 0.001
rag, 0.001, 1.000, 0.001
experience, 0.001, 1.000, 0.001
truly, 0.001, 1.000, 0.001
cheap, 0.001, 1.000, 0.001
boyfriend, 0.001, 1.000, 0.001
F., 0.001, 1.000, 0.001
table, 0.001, 1.000, 0.001
definite, 0.001, 1.000, 0.001
relative, 0.001, 1.000, 0.001
pretty, 0.001, 1.000, 0.001
apocalyptic, 0.001, 1.000, 0.001
dream, 0.000, 1.000, 0.000
liberate, 0.000, 1.000, 0.000
ER, 0.000, 1.000, 0.000
lake, 0.000, 1.000, 0.000
float, 0.000, 1.000, 0.000
country, 0.000, 1.000, 0.000
closure, 0.000, 1.000, 0.000
include, 0.000, 1.000, 0.000
replace, 0.000, 1.000, 0.000
ranting, 0.000, 1.000, 0.000
kitchen, 0.000, 1.000, 0.000
publicly, 0.000, 1.000, 0.000
dodge, 0.000, 1.000, 0.000
failed, 0.000, 1.000, 0.000
Coranavirus, 0.000, 1.000, 0.000
Group num: 1, TC(X;Y_j): 1.899
embrace, 0.080, 1.000, 0.080
entire, 0.075, 1.000, 0.075
PREVENTION, 0.065, 1.000, 0.065
hospital, 0.064, 1.000, 0.064
computer, 0.063, 1.000, 0.063
dull, 0.056, 1.000, 0.056
Netflix, 0.054, 1.000, 0.054
hour, 0.051, 1.000, 0.051
5150, 0.050, 1.000, 0.050
snappy, 0.049, 1.000, 0.049
bed, 0.048, 1.000, 0.048
suffocate, 0.044, 1.000, 0.044
Europe, 0.043, 1.000, 0.043
lasagna, 0.040, 1.000, 0.040
hurl, 0.038, 1.000, 0.038
affect, 0.037, 1.000, 0.037
positivity, 0.036, 1.000, 0.036
cross, 0.035, 1.000, 0.035
prison, 0.034, 1.000, 0.034
yeah, 0.034, 1.000, 0.034
continuously, 0.033, 1.000, 0.033
Christianity, 0.032, 1.000, 0.032
rarely, 0.030, 1.000, 0.030
skill, 0.030, 1.000, 0.030
portion, 0.029, 1.000, 0.029
articulate, 0.028, 1.000, 0.028
baby, 0.028, 1.000, 0.028
design, 0.027, 1.000, 0.027
Second, 0.027, 1.000, 0.027
sweep, 0.027, 1.000, 0.027
bring, 0.026, 1.000, 0.026
highly, 0.025, 1.000, 0.025
share, 0.025, 1.000, 0.025
deeply, 0.024, 1.000, 0.024
controlling, 0.023, 1.000, 0.023
grandparent, 0.023, 1.000, 0.023
amp;#x200b, 0.022, 1.000, 0.022
yell, 0.022, 1.000, 0.022
creak, 0.021, 1.000, 0.021
Asia, 0.021, 1.000, 0.021
meaning, 0.020, 1.000, 0.020
dumb, 0.020, 1.000, 0.020
application, 0.020, 1.000, 0.020
personal, 0.020, 1.000, 0.020
straightforward, 0.020, 1.000, 0.020
teen, 0.020, 1.000, 0.020
smoke, 0.020, 1.000, 0.020
f**king, 0.019, 1.000, 0.019
genuinly, 0.019, 1.000, 0.019
honey, 0.019, 1.000, 0.019
fickle, 0.018, 1.000, 0.018
parenting, 0.018, 1.000, 0.018
nail, 0.018, 1.000, 0.018
immigration, 0.018, 1.000, 0.018
lean, 0.017, 1.000, 0.017
shitty, 0.017, 1.000, 0.017
fire, 0.016, 1.000, 0.016
rest, 0.016, 1.000, 0.016
unfortunately, 0.016, 1.000, 0.016
ridicule, 0.016, 1.000, 0.016
weight, 0.016, 1.000, 0.016
opinion, 0.015, 1.000, 0.015
fathom, 0.015, 1.000, 0.015
5days, 0.015, 1.000, 0.015
advisor, 0.014, 1.000, 0.014
cigarette, 0.014, 1.000, 0.014
twin, 0.014, 1.000, 0.014
pace, 0.014, 1.000, 0.014
meed, 0.014, 1.000, 0.014
party, 0.014, 1.000, 0.014
time, 0.014, 1.000, 0.014
23, 0.014, 1.000, 0.014
worthless, 0.013, 1.000, 0.013
friend, 0.013, 1.000, 0.013
partly, 0.013, 1.000, 0.013
concern, 0.013, 1.000, 0.013
aware, 0.013, 1.000, 0.013
harass, 0.013, 1.000, 0.013
pity, 0.012, 1.000, 0.012
outburst, 0.012, 1.000, 0.012
difficult, 0.012, 1.000, 0.012
Mexico, 0.012, 1.000, 0.012
letter, 0.012, 1.000, 0.012
certainly, 0.011, 1.000, 0.011
ride, 0.011, 1.000, 0.011
31, 0.011, 1.000, 0.011
proud, 0.011, 1.000, 0.011
factor, 0.011, 1.000, 0.011
pitiful, 0.011, 1.000, 0.011
hangout, 0.010, 1.000, 0.010
link, 0.010, 1.000, 0.010
pension, 0.010, 1.000, 0.010
depressed, 0.010, 1.000, 0.010
ethereal, 0.010, 1.000, 0.010
dictate, 0.010, 1.000, 0.010
counseling, 0.009, 1.000, 0.009
round, 0.009, 1.000, 0.009
omega, 0.009, 1.000, 0.009
function, 0.009, 1.000, 0.009
leave, 0.009, 1.000, 0.009
stigma, 0.009, 1.000, 0.009
worker, 0.008, 1.000, 0.008
music, 0.008, 1.000, 0.008
everytime, 0.008, 1.000, 0.008
stalk, 0.008, 1.000, 0.008
ghost, 0.008, 1.000, 0.008
sonethe, 0.008, 1.000, 0.008
office, 0.008, 1.000, 0.008
Judas, 0.008, 1.000, 0.008
bare, 0.008, 1.000, 0.008
advantage, 0.007, 1.000, 0.007
communicate, 0.007, 1.000, 0.007
jump, 0.007, 1.000, 0.007
cuz, 0.007, 1.000, 0.007
pathetically, 0.007, 1.000, 0.007
till, 0.007, 1.000, 0.007
TWD, 0.007, 1.000, 0.007
trauma, 0.006, 1.000, 0.006
visible, 0.006, 1.000, 0.006
creep, 0.006, 1.000, 0.006
strand, 0.006, 1.000, 0.006
13, 0.006, 1.000, 0.006
deep, 0.006, 1.000, 0.006
cruiser, 0.006, 1.000, 0.006
intentionally, 0.006, 1.000, 0.006
steer, 0.006, 1.000, 0.006
wanna, 0.006, 1.000, 0.006
overwhelming, 0.006, 1.000, 0.006
impersonation, 0.006, 1.000, 0.006
genuine, 0.006, 1.000, 0.006
choose, 0.006, 1.000, 0.006
permeate, 0.006, 1.000, 0.006
1000th, 0.006, 1.000, 0.006
contract, 0.006, 1.000, 0.006
happy, 0.006, 1.000, 0.006
fault, 0.006, 1.000, 0.006
game, 0.006, 1.000, 0.006
sympathy, 0.006, 1.000, 0.006
parasite, 0.005, 1.000, 0.005
soo, 0.005, 1.000, 0.005
activism, 0.005, 1.000, 0.005
day, 0.005, 1.000, 0.005
White, 0.005, 1.000, 0.005
swim, 0.005, 1.000, 0.005
sleepy, 0.005, 1.000, 0.005
breast, 0.005, 1.000, 0.005
outnumber, 0.005, 1.000, 0.005
clear, 0.005, 1.000, 0.005
omnibus, 0.005, 1.000, 0.005
boy, 0.005, 1.000, 0.005
starve, 0.005, 1.000, 0.005
panic, 0.005, 1.000, 0.005
study, 0.005, 1.000, 0.005


  , 0.005, 1.000, 0.005
hormones, 0.005, 1.000, 0.005
satisfying, 0.005, 1.000, 0.005
convenient, 0.005, 1.000, 0.005
unclearity, 0.005, 1.000, 0.005
acknowledge, 0.005, 1.000, 0.005
property, 0.005, 1.000, 0.005
simply, 0.005, 1.000, 0.005
seam, 0.005, 1.000, 0.005
immunity, 0.005, 1.000, 0.005
support(mainly, 0.005, 1.000, 0.005
silly, 0.005, 1.000, 0.005
spirit, 0.005, 1.000, 0.005
attract, 0.004, 1.000, 0.004
failure, 0.004, 1.000, 0.004
clouded, 0.004, 1.000, 0.004
shave, 0.004, 1.000, 0.004
butt, 0.004, 1.000, 0.004
sadness, 0.004, 1.000, 0.004
wernt, 0.004, 1.000, 0.004
16:30, 0.004, 1.000, 0.004
close, 0.004, 1.000, 0.004
rattle, 0.004, 1.000, 0.004
hug, 0.004, 1.000, 0.004
total, 0.004, 1.000, 0.004
manic, 0.004, 1.000, 0.004
aspect, 0.004, 1.000, 0.004
Time, 0.004, 1.000, 0.004
eld, 0.004, 1.000, 0.004
madness, 0.004, 1.000, 0.004
disconnected, 0.004, 1.000, 0.004
pathic, 0.004, 1.000, 0.004
journal, 0.004, 1.000, 0.004
hardly, 0.004, 1.000, 0.004
state, 0.004, 1.000, 0.004
copy, 0.004, 1.000, 0.004
payment, 0.004, 1.000, 0.004
wonder, 0.004, 1.000, 0.004
coz, 0.004, 1.000, 0.004
lump, 0.004, 1.000, 0.004
brilliant, 0.004, 1.000, 0.004
fortunate, 0.004, 1.000, 0.004
aversive, 0.004, 1.000, 0.004
schizoaffective, 0.004, 1.000, 0.004
pry, 0.004, 1.000, 0.004
f**ken, 0.004, 1.000, 0.004
extent, 0.004, 1.000, 0.004
pedal, 0.004, 1.000, 0.004
hehe, 0.004, 1.000, 0.004
neuropsychologist, 0.004, 1.000, 0.004
pull, 0.003, 1.000, 0.003
code, 0.003, 1.000, 0.003
20yo, 0.003, 1.000, 0.003
DAMN, 0.003, 1.000, 0.003
fulfillment, 0.003, 1.000, 0.003
bizarre, 0.003, 1.000, 0.003
instant, 0.003, 1.000, 0.003
video, 0.003, 1.000, 0.003
finally, 0.003, 1.000, 0.003
murderous, 0.003, 1.000, 0.003
hi, 0.003, 1.000, 0.003
accomplish, 0.003, 1.000, 0.003
awkward, 0.003, 1.000, 0.003
Mercedes, 0.003, 1.000, 0.003
addiction, 0.003, 1.000, 0.003
clinically, 0.003, 1.000, 0.003
project, 0.003, 1.000, 0.003
longer, 0.003, 1.000, 0.003
February, 0.003, 1.000, 0.003
finite, 0.003, 1.000, 0.003
April, 0.003, 1.000, 0.003
comfort, 0.003, 1.000, 0.003
Canada, 0.003, 1.000, 0.003
translate, 0.003, 1.000, 0.003
invisible, 0.003, 1.000, 0.003
beginning, 0.003, 1.000, 0.003
finish, 0.003, 1.000, 0.003
pathetic, 0.003, 1.000, 0.003
student, 0.003, 1.000, 0.003
autism, 0.003, 1.000, 0.003
peace, 0.003, 1.000, 0.003
suffering, 0.003, 1.000, 0.003
pyjama, 0.003, 1.000, 0.003
interact, 0.003, 1.000, 0.003
merchandise, 0.003, 1.000, 0.003
totally, 0.003, 1.000, 0.003
safety, 0.003, 1.000, 0.003
smash, 0.003, 1.000, 0.003
afraid, 0.003, 1.000, 0.003
unhappy, 0.003, 1.000, 0.003
landlord, 0.003, 1.000, 0.003
kinda, 0.003, 1.000, 0.003
circumstance, 0.003, 1.000, 0.003
dirty, 0.003, 1.000, 0.003
blessing, 0.003, 1.000, 0.003
seriously, 0.003, 1.000, 0.003
daredevil, 0.003, 1.000, 0.003
fill, 0.003, 1.000, 0.003
traumatic, 0.003, 1.000, 0.003
unbiased, 0.003, 1.000, 0.003
disbelief, 0.003, 1.000, 0.003
23rd, 0.003, 1.000, 0.003
anchor, 0.003, 1.000, 0.003
movie, 0.003, 1.000, 0.003
drive, 0.003, 1.000, 0.003
high, 0.003, 1.000, 0.003
root, 0.003, 1.000, 0.003
barely, 0.003, 1.000, 0.003
throw, 0.003, 1.000, 0.003
crash, 0.003, 1.000, 0.003
attached, 0.003, 1.000, 0.003
ground, 0.003, 1.000, 0.003
       
 
 , 0.003, 1.000, 0.003
ditch, 0.003, 1.000, 0.003
normally, 0.003, 1.000, 0.003
Mr., 0.003, 1.000, 0.003
closet, 0.003, 1.000, 0.003
foolish, 0.003, 1.000, 0.003
Males, 0.003, 1.000, 0.003
9, 0.003, 1.000, 0.003
and/or, 0.003, 1.000, 0.003
empathetic, 0.002, 1.000, 0.002
insightful, 0.002, 1.000, 0.002
afghan, 0.002, 1.000, 0.002
frustrated, 0.002, 1.000, 0.002
downvote, 0.002, 1.000, 0.002
Tourettes, 0.002, 1.000, 0.002
deposit, 0.002, 1.000, 0.002
fool, 0.002, 1.000, 0.002
dandelion, 0.002, 1.000, 0.002
ancestor, 0.002, 1.000, 0.002
generosity, 0.002, 1.000, 0.002
grandpa, 0.002, 1.000, 0.002
packaging, 0.002, 1.000, 0.002
probably, 0.002, 1.000, 0.002
mixture, 0.002, 1.000, 0.002
consistently, 0.002, 1.000, 0.002
circle, 0.002, 1.000, 0.002
respective, 0.002, 1.000, 0.002
gp, 0.002, 1.000, 0.002
argument, 0.002, 1.000, 0.002
marry, 0.002, 1.000, 0.002
disappointing, 0.002, 1.000, 0.002
shelter, 0.002, 1.000, 0.002
equally, 0.002, 1.000, 0.002
alcoholic, 0.002, 1.000, 0.002
freshman, 0.002, 1.000, 0.002
rifleman, 0.002, 1.000, 0.002
ignorant, 0.002, 1.000, 0.002
weeks, 0.002, 1.000, 0.002
match, 0.002, 1.000, 0.002
grief, 0.002, 1.000, 0.002
audience, 0.002, 1.000, 0.002
cardio, 0.002, 1.000, 0.002
gender, 0.002, 1.000, 0.002
destine, 0.002, 1.000, 0.002
surreal, 0.002, 1.000, 0.002
hardship, 0.002, 1.000, 0.002
ahead, 0.002, 1.000, 0.002
bus, 0.002, 1.000, 0.002
sit, 0.002, 1.000, 0.002
crime, 0.002, 1.000, 0.002
effort, 0.002, 1.000, 0.002
sand, 0.002, 1.000, 0.002
phone, 0.002, 1.000, 0.002
truthful, 0.002, 1.000, 0.002
dishwasher, 0.002, 1.000, 0.002
shitkicking, 0.002, 1.000, 0.002
instill, 0.002, 1.000, 0.002
listen, 0.002, 1.000, 0.002
short, 0.002, 1.000, 0.002
ticket, 0.002, 1.000, 0.002
meal, 0.002, 1.000, 0.002
weather, 0.002, 1.000, 0.002
incredible, 0.002, 1.000, 0.002
bf, 0.002, 1.000, 0.002
stepdad, 0.002, 1.000, 0.002
forward, 0.002, 1.000, 0.002
Corona, 0.002, 1.000, 0.002
golden, 0.002, 1.000, 0.002
timeline, 0.002, 1.000, 0.002
lesbian, 0.002, 1.000, 0.002
building, 0.002, 1.000, 0.002
lol, 0.002, 1.000, 0.002
politic, 0.002, 1.000, 0.002
intellegence, 0.002, 1.000, 0.002
approve, 0.002, 1.000, 0.002
psychological, 0.002, 1.000, 0.002
recommend, 0.002, 1.000, 0.002
paranoid, 0.002, 1.000, 0.002
talk, 0.002, 1.000, 0.002
bc, 0.002, 1.000, 0.002
yanno, 0.002, 1.000, 0.002
26, 0.002, 1.000, 0.002
domestic, 0.002, 1.000, 0.002
beginn, 0.002, 1.000, 0.002
blame, 0.002, 1.000, 0.002
gamble, 0.002, 1.000, 0.002
calmness, 0.002, 1.000, 0.002
occasion, 0.002, 1.000, 0.002
Matt, 0.002, 1.000, 0.002
depressant, 0.002, 1.000, 0.002
convey, 0.002, 1.000, 0.002
art, 0.002, 1.000, 0.002
church, 0.002, 1.000, 0.002
15, 0.002, 1.000, 0.002
yah, 0.002, 1.000, 0.002
perspective, 0.002, 1.000, 0.002
rich, 0.002, 1.000, 0.002
succeed, 0.001, 1.000, 0.001
yes, 0.001, 1.000, 0.001
future, 0.001, 1.000, 0.001
steadfast, 0.001, 1.000, 0.001
cage, 0.001, 1.000, 0.001
word, 0.001, 1.000, 0.001
woosh, 0.001, 1.000, 0.001
active, 0.001, 1.000, 0.001
access, 0.001, 1.000, 0.001
milkshake, 0.001, 1.000, 0.001
poly, 0.001, 1.000, 0.001
splat, 0.001, 1.000, 0.001
skip, 0.001, 1.000, 0.001
asap, 0.001, 1.000, 0.001
daddy, 0.001, 1.000, 0.001
synthetic, 0.001, 1.000, 0.001
interaction, 0.001, 1.000, 0.001
wave, 0.001, 1.000, 0.001
at"i, 0.001, 1.000, 0.001
head, 0.001, 1.000, 0.001
lose, 0.001, 1.000, 0.001
aftermath, 0.001, 1.000, 0.001
mental, 0.001, 1.000, 0.001
foreign, 0.001, 1.000, 0.001
importance, 0.001, 1.000, 0.001
comedic, 0.001, 1.000, 0.001
metaphorically, 0.001, 1.000, 0.001
tie, 0.001, 1.000, 0.001
topic, 0.001, 1.000, 0.001
ball, 0.001, 1.000, 0.001
cover, 0.001, 1.000, 0.001
2/25/2020, 0.001, 1.000, 0.001
kg, 0.001, 1.000, 0.001
+1, 0.001, 1.000, 0.001
baggage, 0.001, 1.000, 0.001
co, 0.001, 1.000, 0.001
double, 0.001, 1.000, 0.001
die, 0.001, 1.000, 0.001
thingsare, 0.001, 1.000, 0.001
place, 0.001, 1.000, 0.001
greet, 0.001, 1.000, 0.001
red, 0.001, 1.000, 0.001
attractive, 0.001, 1.000, 0.001
superficial, 0.001, 1.000, 0.001
12, 0.001, 1.000, 0.001
-lvrk, 0.001, 1.000, 0.001
apparently, 0.001, 1.000, 0.001
suggestion, 0.001, 1.000, 0.001
deed, 0.001, 1.000, 0.001
accompany, 0.001, 1.000, 0.001
remark, 0.001, 1.000, 0.001
aaaaaaaack, 0.001, 1.000, 0.001
grind, 0.001, 1.000, 0.001
a., 0.001, 1.000, 0.001
stepfather, 0.001, 1.000, 0.001
government, 0.001, 1.000, 0.001
sister, 0.001, 1.000, 0.001
effective, 0.001, 1.000, 0.001
all-, 0.001, 1.000, 0.001
curl, 0.001, 1.000, 0.001
half, 0.001, 1.000, 0.001
a.m., 0.001, 1.000, 0.001
PLUS, 0.001, 1.000, 0.001
beg, 0.001, 1.000, 0.001
sense, 0.001, 1.000, 0.001
1, 0.001, 1.000, 0.001
neurosis, 0.001, 1.000, 0.001
decision, 0.001, 1.000, 0.001
strange, 0.001, 1.000, 0.001
numerous, 0.001, 1.000, 0.001
blend, 0.001, 1.000, 0.001
inferior, 0.001, 1.000, 0.001
FML, 0.001, 1.000, 0.001
early, 0.001, 1.000, 0.001
life, 0.001, 1.000, 0.001
picky, 0.001, 1.000, 0.001
spread, 0.001, 1.000, 0.001
play, 0.001, 1.000, 0.001
mobile, 0.001, 1.000, 0.001
female, 0.001, 1.000, 0.001
frequent, 0.001, 1.000, 0.001
sayanora, 0.001, 1.000, 0.001
sabotage, 0.001, 1.000, 0.001
military, 0.001, 1.000, 0.001
productive, 0.001, 1.000, 0.001
limit, 0.001, 1.000, 0.001
misdirection, 0.001, 1.000, 0.001
muster, 0.001, 1.000, 0.001
️, 0.001, 1.000, 0.001
ideation, 0.001, 1.000, 0.001
Community, 0.001, 1.000, 0.001
Breath, 0.001, 1.000, 0.001
valve, 0.001, 1.000, 0.001
complicated, 0.001, 1.000, 0.001
sorrow, 0.001, 1.000, 0.001
sleeplessness, 0.001, 1.000, 0.001
pose, 0.001, 1.000, 0.001
mistake, 0.001, 1.000, 0.001
slim, 0.001, 1.000, 0.001
sigh, 0.001, 1.000, 0.001
demon, 0.001, 1.000, 0.001
alot, 0.001, 1.000, 0.001
Caramel, 0.001, 1.000, 0.001
ESL, 0.001, 1.000, 0.001
bear, 0.001, 1.000, 0.001
saturated, 0.000, 1.000, 0.000
daughter, 0.000, 1.000, 0.000
crap, 0.000, 1.000, 0.000
free, 0.000, 1.000, 0.000
bronchitis, 0.000, 1.000, 0.000
trivia, 0.000, 1.000, 0.000
figure, 0.000, 1.000, 0.000
min, 0.000, 1.000, 0.000
necessarily, 0.000, 1.000, 0.000
look, 0.000, 1.000, 0.000
painless, 0.000, 1.000, 0.000
pile, 0.000, 1.000, 0.000
retract, 0.000, 1.000, 0.000
Group num: 2, TC(X;Y_j): 2.216
fling, 0.094, 1.000, 0.094
visit, 0.090, 1.000, 0.090
smidge, 0.077, 1.000, 0.077
diminish, 0.073, 1.000, 0.073
graphic, 0.063, 1.000, 0.063
skin, 0.059, 1.000, 0.059
harsh, 0.047, 1.000, 0.047
sexualize, 0.044, 1.000, 0.044
embarrassment, 0.041, 1.000, 0.041
fast, 0.039, 1.000, 0.039
fuel, 0.039, 1.000, 0.039
HARD, 0.039, 1.000, 0.039
University, 0.037, 1.000, 0.037
intellegnece, 0.037, 1.000, 0.037
sake, 0.037, 1.000, 0.037
validate, 0.036, 1.000, 0.036
range, 0.036, 1.000, 0.036
confirm, 0.036, 1.000, 0.036
pride, 0.035, 1.000, 0.035
frequently, 0.035, 1.000, 0.035
coronavirus, 0.034, 1.000, 0.034
yawn, 0.033, 1.000, 0.033
aspiration, 0.033, 1.000, 0.033
postponement, 0.032, 1.000, 0.032
scare, 0.031, 1.000, 0.031
27, 0.026, 1.000, 0.026
millennium, 0.026, 1.000, 0.026
step, 0.026, 1.000, 0.026
hop, 0.024, 1.000, 0.024
buzz, 0.023, 1.000, 0.023
desk, 0.022, 1.000, 0.022
nowadays, 0.021, 1.000, 0.021
gastritis, 0.021, 1.000, 0.021
intense, 0.021, 1.000, 0.021
corona, 0.020, 1.000, 0.020
photographer, 0.020, 1.000, 0.020
butid, 0.020, 1.000, 0.020
frame, 0.019, 1.000, 0.019
somebody, 0.018, 1.000, 0.018
decide, 0.018, 1.000, 0.018
society, 0.018, 1.000, 0.018
European, 0.018, 1.000, 0.018
awake, 0.018, 1.000, 0.018
action, 0.017, 1.000, 0.017
dearly, 0.017, 1.000, 0.017
unmotivated, 0.017, 1.000, 0.017
alive, 0.017, 1.000, 0.017
IVE, 0.017, 1.000, 0.017
nightmare, 0.016, 1.000, 0.016
EXHAUSTED, 0.016, 1.000, 0.016
wealthy, 0.016, 1.000, 0.016
euphoria, 0.016, 1.000, 0.016
usd, 0.016, 1.000, 0.016
challenge, 0.016, 1.000, 0.016
shorten, 0.016, 1.000, 0.016
doll, 0.016, 1.000, 0.016
65, 0.015, 1.000, 0.015
open, 0.015, 1.000, 0.015
louder, 0.014, 1.000, 0.014
facet, 0.014, 1.000, 0.014
mw, 0.014, 1.000, 0.014
grinder, 0.014, 1.000, 0.014
book, 0.014, 1.000, 0.014
potential, 0.014, 1.000, 0.014
irresponsible, 0.014, 1.000, 0.014
darkness, 0.014, 1.000, 0.014
arty, 0.013, 1.000, 0.013
blow, 0.013, 1.000, 0.013
People, 0.013, 1.000, 0.013
note, 0.013, 1.000, 0.013
chair, 0.013, 1.000, 0.013
happe, 0.013, 1.000, 0.013
unable, 0.013, 1.000, 0.013
french, 0.013, 1.000, 0.013
job, 0.012, 1.000, 0.012
brat, 0.012, 1.000, 0.012
rhem, 0.012, 1.000, 0.012
scratch, 0.012, 1.000, 0.012
ha, 0.012, 1.000, 0.012

 , 0.011, 1.000, 0.011
stain, 0.011, 1.000, 0.011
knife, 0.011, 1.000, 0.011
hand, 0.011, 1.000, 0.011
discord, 0.011, 1.000, 0.011
deployment, 0.010, 1.000, 0.010
apathetic, 0.010, 1.000, 0.010
absorb, 0.010, 1.000, 0.010
memorize, 0.010, 1.000, 0.010
especially, 0.010, 1.000, 0.010
actor, 0.010, 1.000, 0.010
marinate, 0.010, 1.000, 0.010
amelioration, 0.010, 1.000, 0.010
couplet, 0.010, 1.000, 0.010
leftover, 0.010, 1.000, 0.010
panicky, 0.010, 1.000, 0.010
BEST, 0.010, 1.000, 0.010
google, 0.009, 1.000, 0.009
lazy, 0.009, 1.000, 0.009
ur, 0.009, 1.000, 0.009
subsequently, 0.009, 1.000, 0.009
haunt, 0.009, 1.000, 0.009
fortunately, 0.009, 1.000, 0.009
pointless, 0.009, 1.000, 0.009
Google, 0.009, 1.000, 0.009
lady, 0.009, 1.000, 0.009
rug, 0.009, 1.000, 0.009
low, 0.008, 1.000, 0.008
parody, 0.008, 1.000, 0.008
aim, 0.008, 1.000, 0.008
understanding, 0.008, 1.000, 0.008
insecure, 0.008, 1.000, 0.008
general, 0.008, 1.000, 0.008
lucky, 0.008, 1.000, 0.008
attention, 0.008, 1.000, 0.008
attend, 0.008, 1.000, 0.008
nan, 0.008, 1.000, 0.008
slosh, 0.008, 1.000, 0.008
destruct, 0.008, 1.000, 0.008
firm, 0.008, 1.000, 0.008
sport, 0.008, 1.000, 0.008
victim, 0.008, 1.000, 0.008
mixed, 0.008, 1.000, 0.008
website, 0.008, 1.000, 0.008
use, 0.008, 1.000, 0.008
walk, 0.007, 1.000, 0.007
fwend, 0.007, 1.000, 0.007
motivation, 0.007, 1.000, 0.007
gloomy, 0.007, 1.000, 0.007
parent, 0.007, 1.000, 0.007
additional, 0.007, 1.000, 0.007
Marines, 0.007, 1.000, 0.007
file, 0.007, 1.000, 0.007
retrospect, 0.007, 1.000, 0.007
clench, 0.007, 1.000, 0.007
hope, 0.007, 1.000, 0.007
cheerleading, 0.007, 1.000, 0.007
invitation, 0.007, 1.000, 0.007
fact, 0.007, 1.000, 0.007
recent, 0.007, 1.000, 0.007
ear, 0.007, 1.000, 0.007
nothingness, 0.007, 1.000, 0.007
tomorrow, 0.007, 1.000, 0.007
creative, 0.007, 1.000, 0.007
belittle, 0.007, 1.000, 0.007
log, 0.007, 1.000, 0.007
lost, 0.007, 1.000, 0.007
fat, 0.007, 1.000, 0.007
terrify, 0.007, 1.000, 0.007
decent, 0.007, 1.000, 0.007
cow, 0.007, 1.000, 0.007
cold, 0.007, 1.000, 0.007
diabetes, 0.006, 1.000, 0.006
chronic, 0.006, 1.000, 0.006
hyperventilating, 0.006, 1.000, 0.006
blast, 0.006, 1.000, 0.006
curfew, 0.006, 1.000, 0.006
affection, 0.006, 1.000, 0.006
medicine, 0.006, 1.000, 0.006
bland, 0.006, 1.000, 0.006
harrowing, 0.006, 1.000, 0.006
btw, 0.006, 1.000, 0.006
Corps, 0.006, 1.000, 0.006
loud, 0.006, 1.000, 0.006
dismissive, 0.006, 1.000, 0.006
later, 0.006, 1.000, 0.006
fix, 0.006, 1.000, 0.006
preservation, 0.006, 1.000, 0.006
negativity, 0.006, 1.000, 0.006
indication, 0.006, 1.000, 0.006
language, 0.006, 1.000, 0.006
lonliness, 0.006, 1.000, 0.006
hopeful, 0.006, 1.000, 0.006
tethered, 0.006, 1.000, 0.006
adventure, 0.006, 1.000, 0.006
glue, 0.006, 1.000, 0.006
flavorful, 0.006, 1.000, 0.006
Flight, 0.006, 1.000, 0.006
war, 0.006, 1.000, 0.006
assault, 0.006, 1.000, 0.006
awful, 0.006, 1.000, 0.006
teach, 0.006, 1.000, 0.006
nearly, 0.006, 1.000, 0.006
angry, 0.006, 1.000, 0.006
chocolate, 0.006, 1.000, 0.006
garbage, 0.006, 1.000, 0.006
suffer, 0.006, 1.000, 0.006
period, 0.005, 1.000, 0.005
dunno, 0.005, 1.000, 0.005
treason, 0.005, 1.000, 0.005
unemployment, 0.005, 1.000, 0.005
wth, 0.005, 1.000, 0.005
plague, 0.005, 1.000, 0.005
karma, 0.005, 1.000, 0.005
need, 0.005, 1.000, 0.005
nice, 0.005, 1.000, 0.005
violently, 0.005, 1.000, 0.005
flaw, 0.005, 1.000, 0.005
salt, 0.005, 1.000, 0.005
trashy, 0.005, 1.000, 0.005
untied, 0.005, 1.000, 0.005
blackness, 0.005, 1.000, 0.005
planning, 0.005, 1.000, 0.005
fulfill, 0.005, 1.000, 0.005
set, 0.005, 1.000, 0.005
similar, 0.005, 1.000, 0.005
brink, 0.005, 1.000, 0.005
indicate, 0.005, 1.000, 0.005
petrified, 0.005, 1.000, 0.005
shocked, 0.005, 1.000, 0.005
cig, 0.005, 1.000, 0.005
mere, 0.005, 1.000, 0.005
Covid19, 0.005, 1.000, 0.005
middle, 0.005, 1.000, 0.005
turkey, 0.005, 1.000, 0.005
consistent, 0.005, 1.000, 0.005
separately, 0.005, 1.000, 0.005
faith, 0.005, 1.000, 0.005
wreck, 0.005, 1.000, 0.005
light, 0.005, 1.000, 0.005
Suicide, 0.005, 1.000, 0.005
asleep, 0.005, 1.000, 0.005
increase, 0.005, 1.000, 0.005
sir, 0.005, 1.000, 0.005
abruptly, 0.005, 1.000, 0.005
goodbye, 0.004, 1.000, 0.004
perceive, 0.004, 1.000, 0.004
LED, 0.004, 1.000, 0.004
luck, 0.004, 1.000, 0.004
quality, 0.004, 1.000, 0.004
breakup, 0.004, 1.000, 0.004
safe, 0.004, 1.000, 0.004
lifestyle, 0.004, 1.000, 0.004
agonize, 0.004, 1.000, 0.004
physical, 0.004, 1.000, 0.004
disappear, 0.004, 1.000, 0.004
nah, 0.004, 1.000, 0.004
survive, 0.004, 1.000, 0.004
crave, 0.004, 1.000, 0.004
contradictory, 0.004, 1.000, 0.004
screenshot, 0.004, 1.000, 0.004
ace, 0.004, 1.000, 0.004
method, 0.004, 1.000, 0.004
different, 0.004, 1.000, 0.004
heal, 0.004, 1.000, 0.004
hermit, 0.004, 1.000, 0.004
strenuous, 0.004, 1.000, 0.004
healthy, 0.004, 1.000, 0.004
international, 0.004, 1.000, 0.004
successful, 0.004, 1.000, 0.004
emotion, 0.004, 1.000, 0.004
tend, 0.004, 1.000, 0.004
English, 0.004, 1.000, 0.004
form, 0.004, 1.000, 0.004
find, 0.004, 1.000, 0.004
showering, 0.004, 1.000, 0.004
manager, 0.004, 1.000, 0.004
guarantee, 0.004, 1.000, 0.004
difference, 0.004, 1.000, 0.004
tunnel, 0.004, 1.000, 0.004
gouge, 0.004, 1.000, 0.004
activity, 0.004, 1.000, 0.004
couch, 0.004, 1.000, 0.004
loving, 0.004, 1.000, 0.004
freedom, 0.004, 1.000, 0.004
feeling, 0.004, 1.000, 0.004
downward, 0.004, 1.000, 0.004
attraction, 0.004, 1.000, 0.004
January, 0.004, 1.000, 0.004
classroom, 0.004, 1.000, 0.004
faceless, 0.004, 1.000, 0.004
zest, 0.004, 1.000, 0.004
pelvi, 0.004, 1.000, 0.004
deeper, 0.004, 1.000, 0.004
stop, 0.004, 1.000, 0.004
dysphoria, 0.004, 1.000, 0.004
arnt, 0.004, 1.000, 0.004
roof, 0.004, 1.000, 0.004
runner, 0.004, 1.000, 0.004
remove, 0.004, 1.000, 0.004
catch, 0.004, 1.000, 0.004
iron, 0.004, 1.000, 0.004
tell, 0.004, 1.000, 0.004
Karaoke, 0.003, 1.000, 0.003
health, 0.003, 1.000, 0.003
introduce, 0.003, 1.000, 0.003
thinking, 0.003, 1.000, 0.003
social, 0.003, 1.000, 0.003
sing, 0.003, 1.000, 0.003
wet, 0.003, 1.000, 0.003
request, 0.003, 1.000, 0.003
rape, 0.003, 1.000, 0.003
stuffing, 0.003, 1.000, 0.003
organ, 0.003, 1.000, 0.003
choke, 0.003, 1.000, 0.003
frankly, 0.003, 1.000, 0.003
constantly, 0.003, 1.000, 0.003
history, 0.003, 1.000, 0.003
gathering, 0.003, 1.000, 0.003
rarer, 0.003, 1.000, 0.003
Championship, 0.003, 1.000, 0.003
jail, 0.003, 1.000, 0.003
number, 0.003, 1.000, 0.003
downstairs, 0.003, 1.000, 0.003
DR, 0.003, 1.000, 0.003
exacerbate, 0.003, 1.000, 0.003
passion, 0.003, 1.000, 0.003
  


 , 0.003, 1.000, 0.003
ill, 0.003, 1.000, 0.003
meat, 0.003, 1.000, 0.003
whim, 0.003, 1.000, 0.003
pee, 0.003, 1.000, 0.003
surround, 0.003, 1.000, 0.003
shit, 0.003, 1.000, 0.003
wedding, 0.003, 1.000, 0.003
coma, 0.003, 1.000, 0.003
accept, 0.003, 1.000, 0.003
bruh, 0.003, 1.000, 0.003
strip, 0.003, 1.000, 0.003
relize, 0.003, 1.000, 0.003
snapchat, 0.003, 1.000, 0.003
conscious, 0.003, 1.000, 0.003
shatter, 0.003, 1.000, 0.003
actually, 0.003, 1.000, 0.003
price, 0.003, 1.000, 0.003
okay, 0.003, 1.000, 0.003
theft, 0.003, 1.000, 0.003
shoot, 0.003, 1.000, 0.003
Anime, 0.003, 1.000, 0.003
stability, 0.003, 1.000, 0.003
chest, 0.003, 1.000, 0.003
24, 0.003, 1.000, 0.003
overdramatic, 0.003, 1.000, 0.003
optimistic, 0.003, 1.000, 0.003
thong, 0.003, 1.000, 0.003
news, 0.003, 1.000, 0.003
lottery, 0.003, 1.000, 0.003
speak, 0.003, 1.000, 0.003
https://www.reddit.com/r/depression/comments/ff6dkx/depressed\_alone\_might\_be\_in\_the\_dumbest\_life/](https://www.reddit.com/r/depression/comments/ff6dkx/depressed_alone_might_be_in_the_dumbest_life/, 0.003, 1.000, 0.003
unconditionally, 0.003, 1.000, 0.003
living, 0.003, 1.000, 0.003
tool, 0.003, 1.000, 0.003
appartment, 0.003, 1.000, 0.003
generally, 0.003, 1.000, 0.003
CODIV, 0.003, 1.000, 0.003
Italy, 0.003, 1.000, 0.003
flash, 0.003, 1.000, 0.003
effect, 0.003, 1.000, 0.003
ton, 0.003, 1.000, 0.003
land, 0.003, 1.000, 0.003
gt;“mis, 0.003, 1.000, 0.003
omg, 0.003, 1.000, 0.003
witty, 0.003, 1.000, 0.003
inadequate, 0.003, 1.000, 0.003
validation, 0.003, 1.000, 0.003
county, 0.003, 1.000, 0.003
neighbor, 0.003, 1.000, 0.003
chicken, 0.003, 1.000, 0.003
veggie, 0.003, 1.000, 0.003
drift, 0.003, 1.000, 0.003
level, 0.003, 1.000, 0.003
glass, 0.003, 1.000, 0.003
fight, 0.003, 1.000, 0.003
shed, 0.003, 1.000, 0.003
indulge, 0.002, 1.000, 0.002
stable, 0.002, 1.000, 0.002
regularly, 0.002, 1.000, 0.002
hopefully, 0.002, 1.000, 0.002
grin, 0.002, 1.000, 0.002
foggy, 0.002, 1.000, 0.002
randomly, 0.002, 1.000, 0.002
tree, 0.002, 1.000, 0.002
brewery, 0.002, 1.000, 0.002
suck, 0.002, 1.000, 0.002
midnight, 0.002, 1.000, 0.002
thankfully, 0.002, 1.000, 0.002
outstanding, 0.002, 1.000, 0.002
Dating, 0.002, 1.000, 0.002
limb, 0.002, 1.000, 0.002
content, 0.002, 1.000, 0.002
gym, 0.002, 1.000, 0.002
rhythmically, 0.002, 1.000, 0.002
whimper, 0.002, 1.000, 0.002
happen, 0.002, 1.000, 0.002
collateral, 0.002, 1.000, 0.002
yawning, 0.002, 1.000, 0.002
happiness, 0.002, 1.000, 0.002
matter, 0.002, 1.000, 0.002
wednesday, 0.002, 1.000, 0.002
excite, 0.002, 1.000, 0.002
quarantine, 0.002, 1.000, 0.002
wretched, 0.002, 1.000, 0.002
tightly, 0.002, 1.000, 0.002
lockdown, 0.002, 1.000, 0.002
hopeless, 0.002, 1.000, 0.002
um, 0.002, 1.000, 0.002
grade, 0.002, 1.000, 0.002
attorney, 0.002, 1.000, 0.002
cbas, 0.002, 1.000, 0.002
information, 0.002, 1.000, 0.002
contently, 0.002, 1.000, 0.002
lately, 0.002, 1.000, 0.002
clueless, 0.002, 1.000, 0.002
8, 0.002, 1.000, 0.002
lb, 0.002, 1.000, 0.002
grow, 0.002, 1.000, 0.002
uncomfortable, 0.002, 1.000, 0.002
fucksake, 0.002, 1.000, 0.002
sell, 0.002, 1.000, 0.002
endlessly, 0.002, 1.000, 0.002
cell, 0.002, 1.000, 0.002
I.have, 0.002, 1.000, 0.002
order, 0.002, 1.000, 0.002
psychologist, 0.002, 1.000, 0.002
screw, 0.002, 1.000, 0.002
emotionless, 0.002, 1.000, 0.002
assume, 0.002, 1.000, 0.002
idiot, 0.002, 1.000, 0.002
demanding, 0.002, 1.000, 0.002
heave, 0.002, 1.000, 0.002
sat, 0.002, 1.000, 0.002
stitch, 0.002, 1.000, 0.002
averse, 0.002, 1.000, 0.002
prospect, 0.002, 1.000, 0.002
LGBTQ+, 0.002, 1.000, 0.002
choice, 0.002, 1.000, 0.002
barking, 0.002, 1.000, 0.002
manipulate, 0.002, 1.000, 0.002
Hyde, 0.002, 1.000, 0.002
SICK, 0.002, 1.000, 0.002
schizophrenia, 0.002, 1.000, 0.002
medical, 0.002, 1.000, 0.002
drinking, 0.002, 1.000, 0.002
til, 0.002, 1.000, 0.002
guy, 0.002, 1.000, 0.002
pure, 0.002, 1.000, 0.002
𝘵𝘳𝘺, 0.002, 1.000, 0.002
associate, 0.002, 1.000, 0.002
haaay, 0.002, 1.000, 0.002
combat, 0.002, 1.000, 0.002
consciously, 0.002, 1.000, 0.002
remain, 0.002, 1.000, 0.002
scape, 0.002, 1.000, 0.002
3000, 0.002, 1.000, 0.002
councilor, 0.002, 1.000, 0.002
track, 0.002, 1.000, 0.002
mode, 0.002, 1.000, 0.002
ok, 0.002, 1.000, 0.002
motivate, 0.002, 1.000, 0.002
appreciate, 0.002, 1.000, 0.002
continue, 0.002, 1.000, 0.002
ig, 0.002, 1.000, 0.002
personified, 0.002, 1.000, 0.002
fucked, 0.002, 1.000, 0.002
poem/1895067, 0.002, 1.000, 0.002
heart, 0.002, 1.000, 0.002
despise, 0.002, 1.000, 0.002
binary, 0.002, 1.000, 0.002
loss, 0.002, 1.000, 0.002
bath, 0.002, 1.000, 0.002
300, 0.002, 1.000, 0.002
craving, 0.002, 1.000, 0.002
son, 0.002, 1.000, 0.002
sheep, 0.002, 1.000, 0.002
sort, 0.002, 1.000, 0.002
stutter, 0.002, 1.000, 0.002
room, 0.002, 1.000, 0.002
condescend, 0.002, 1.000, 0.002
extra, 0.002, 1.000, 0.002
dope, 0.002, 1.000, 0.002
relatively, 0.002, 1.000, 0.002
insist, 0.002, 1.000, 0.002
face, 0.002, 1.000, 0.002
50, 0.002, 1.000, 0.002
numbingly, 0.002, 1.000, 0.002
multiple, 0.002, 1.000, 0.002
thousand, 0.002, 1.000, 0.002
10, 0.002, 1.000, 0.002
spiral, 0.002, 1.000, 0.002
dark, 0.002, 1.000, 0.002
hear, 0.002, 1.000, 0.002
fatigue, 0.002, 1.000, 0.002
bearable, 0.002, 1.000, 0.002
special, 0.002, 1.000, 0.002
tv, 0.002, 1.000, 0.002
grab, 0.002, 1.000, 0.002
socially, 0.002, 1.000, 0.002
March, 0.002, 1.000, 0.002
tbh, 0.002, 1.000, 0.002
inevitable, 0.002, 1.000, 0.002
behavior, 0.002, 1.000, 0.002
crawl, 0.002, 1.000, 0.002
sum, 0.002, 1.000, 0.002
specifically, 0.001, 1.000, 0.001
°, 0.001, 1.000, 0.001
inattentive, 0.001, 1.000, 0.001
pack, 0.001, 1.000, 0.001
problem, 0.001, 1.000, 0.001
closed, 0.001, 1.000, 0.001
discharge, 0.001, 1.000, 0.001
participate, 0.001, 1.000, 0.001
discussion, 0.001, 1.000, 0.001
gasp, 0.001, 1.000, 0.001
antidepressant, 0.001, 1.000, 0.001
nag, 0.001, 1.000, 0.001
jealous, 0.001, 1.000, 0.001
bone, 0.001, 1.000, 0.001
known, 0.001, 1.000, 0.001
puppet, 0.001, 1.000, 0.001
spill, 0.001, 1.000, 0.001
bullshit, 0.001, 1.000, 0.001
dude, 0.001, 1.000, 0.001
important, 0.001, 1.000, 0.001
evening, 0.001, 1.000, 0.001
1.7, 0.001, 1.000, 0.001
efforte, 0.001, 1.000, 0.001
cegep, 0.001, 1.000, 0.001
atleast, 0.001, 1.000, 0.001
Supposedly, 0.001, 1.000, 0.001
gradually, 0.001, 1.000, 0.001
darling, 0.001, 1.000, 0.001
180, 0.001, 1.000, 0.001
blob, 0.001, 1.000, 0.001
alarm, 0.001, 1.000, 0.001
rant, 0.001, 1.000, 0.001
Fuck, 0.001, 1.000, 0.001
smart, 0.001, 1.000, 0.001
consider, 0.001, 1.000, 0.001
cherish, 0.001, 1.000, 0.001
couple, 0.001, 1.000, 0.001
strength, 0.001, 1.000, 0.001
plenty, 0.001, 1.000, 0.001
character, 0.001, 1.000, 0.001
21, 0.001, 1.000, 0.001
thoroughly, 0.001, 1.000, 0.001
KMS, 0.001, 1.000, 0.001
bathtub, 0.001, 1.000, 0.001
bike, 0.001, 1.000, 0.001
undesirable, 0.001, 1.000, 0.001
warrant, 0.001, 1.000, 0.001
breaking, 0.001, 1.000, 0.001
potato, 0.001, 1.000, 0.001
YouTube, 0.001, 1.000, 0.001
fridge, 0.001, 1.000, 0.001
muscle, 0.001, 1.000, 0.001
clinic, 0.001, 1.000, 0.001
workout, 0.001, 1.000, 0.001
quick, 0.001, 1.000, 0.001
anonymously, 0.001, 1.000, 0.001
acceptance, 0.001, 1.000, 0.001
intelligence, 0.001, 1.000, 0.001
pool, 0.001, 1.000, 0.001
overdo, 0.001, 1.000, 0.001
teenager, 0.001, 1.000, 0.001
world, 0.001, 1.000, 0.001
investigate, 0.001, 1.000, 0.001
covid-19, 0.001, 1.000, 0.001
tangent, 0.001, 1.000, 0.001
gladly, 0.001, 1.000, 0.001
quasi, 0.001, 1.000, 0.001
s., 0.001, 1.000, 0.001
pillowcase, 0.001, 1.000, 0.001


 , 0.001, 1.000, 0.001
COVID, 0.001, 1.000, 0.001
memory, 0.001, 1.000, 0.001
overwhelmed, 0.001, 1.000, 0.001
band, 0.001, 1.000, 0.001
solidly, 0.001, 1.000, 0.001
inner, 0.001, 1.000, 0.001
animal, 0.001, 1.000, 0.001
treat, 0.001, 1.000, 0.001
pop, 0.001, 1.000, 0.001
client, 0.001, 1.000, 0.001
Monday, 0.001, 1.000, 0.001
system, 0.001, 1.000, 0.001
nervous, 0.001, 1.000, 0.001
story, 0.001, 1.000, 0.001
speech, 0.001, 1.000, 0.001
film, 0.001, 1.000, 0.001
learning, 0.001, 1.000, 0.001
research, 0.001, 1.000, 0.001
technical, 0.001, 1.000, 0.001
pet, 0.001, 1.000, 0.001
liver, 0.001, 1.000, 0.001
pandemic, 0.001, 1.000, 0.001
senior, 0.001, 1.000, 0.001
thoug, 0.001, 1.000, 0.001
regress, 0.001, 1.000, 0.001
draw, 0.001, 1.000, 0.001
cancel, 0.001, 1.000, 0.001
crush, 0.001, 1.000, 0.001
teeter, 0.001, 1.000, 0.001
start, 0.001, 1.000, 0.001
norm, 0.001, 1.000, 0.001
financially, 0.001, 1.000, 0.001
condition, 0.001, 1.000, 0.001
rebellious, 0.001, 1.000, 0.001
enter, 0.001, 1.000, 0.001
suicide, 0.001, 1.000, 0.001
PTSD, 0.001, 1.000, 0.001
campus, 0.001, 1.000, 0.001
political, 0.001, 1.000, 0.001
fester, 0.001, 1.000, 0.001
missing, 0.001, 1.000, 0.001
entry, 0.001, 1.000, 0.001
temperature, 0.001, 1.000, 0.001
seal, 0.001, 1.000, 0.001
status, 0.001, 1.000, 0.001
mattress, 0.001, 1.000, 0.001
adjustment, 0.001, 1.000, 0.001
ya, 0.001, 1.000, 0.001
read, 0.001, 1.000, 0.001
succumb, 0.001, 1.000, 0.001
password, 0.001, 1.000, 0.001
orientate, 0.001, 1.000, 0.001
mentality, 0.000, 1.000, 0.000
stay, 0.000, 1.000, 0.000
breathe, 0.000, 1.000, 0.000
y, 0.000, 1.000, 0.000
arm, 0.000, 1.000, 0.000
belong, 0.000, 1.000, 0.000
measure, 0.000, 1.000, 0.000
post, 0.000, 1.000, 0.000
want, 0.000, 1.000, 0.000
damaging, 0.000, 1.000, 0.000
invest, 0.000, 1.000, 0.000
broke, 0.000, 1.000, 0.000
designer, 0.000, 1.000, 0.000
3/7/2020, 0.000, 1.000, 0.000
notice, 0.000, 1.000, 0.000
national, 0.000, 1.000, 0.000
tub, 0.000, 1.000, 0.000
explain, 0.000, 1.000, 0.000
infantryman, 0.000, 1.000, 0.000
drown, 0.000, 1.000, 0.000
Group num: 3, TC(X;Y_j): 1.962
UNGRATEFUL, 0.119, 1.000, 0.119
makeshift, 0.058, 1.000, 0.058
save, 0.057, 1.000, 0.057
pill, 0.057, 1.000, 0.057
Gaming, 0.056, 1.000, 0.056
porn, 0.052, 1.000, 0.052
300ml, 0.052, 1.000, 0.052
progress, 0.049, 1.000, 0.049
weekly, 0.046, 1.000, 0.046
unorganized, 0.041, 1.000, 0.041
chained, 0.036, 1.000, 0.036
fundamentally, 0.036, 1.000, 0.036
immortal, 0.035, 1.000, 0.035
suggestiond, 0.035, 1.000, 0.035
sloping, 0.033, 1.000, 0.033
april, 0.032, 1.000, 0.032
comply, 0.031, 1.000, 0.031
certificate, 0.030, 1.000, 0.030
Marine, 0.030, 1.000, 0.030
certainty, 0.029, 1.000, 0.029
funeral, 0.029, 1.000, 0.029
anti, 0.029, 1.000, 0.029
criminal, 0.028, 1.000, 0.028
dear, 0.027, 1.000, 0.027
abuse, 0.026, 1.000, 0.026
disability, 0.026, 1.000, 0.026
17, 0.025, 1.000, 0.025
relieved, 0.024, 1.000, 0.024
reach, 0.024, 1.000, 0.024
immense, 0.023, 1.000, 0.023
cheek, 0.022, 1.000, 0.022
center, 0.022, 1.000, 0.022
realization, 0.022, 1.000, 0.022
 

 , 0.022, 1.000, 0.022
touch, 0.022, 1.000, 0.022
rethink, 0.022, 1.000, 0.022
profound, 0.021, 1.000, 0.021
September, 0.021, 1.000, 0.021
email, 0.021, 1.000, 0.021
mutual, 0.021, 1.000, 0.021
hike, 0.020, 1.000, 0.020



 , 0.020, 1.000, 0.020
invite, 0.019, 1.000, 0.019
studying, 0.019, 1.000, 0.019
edge, 0.018, 1.000, 0.018
pattern, 0.018, 1.000, 0.018
void, 0.018, 1.000, 0.018
hotel, 0.017, 1.000, 0.017
typically, 0.017, 1.000, 0.017
stir, 0.016, 1.000, 0.016
7, 0.016, 1.000, 0.016
solicitor, 0.016, 1.000, 0.016
gain, 0.015, 1.000, 0.015
anger, 0.015, 1.000, 0.015
correct, 0.015, 1.000, 0.015
antianxiety, 0.015, 1.000, 0.015
afford, 0.015, 1.000, 0.015
overthinking, 0.014, 1.000, 0.014
neatly, 0.013, 1.000, 0.013
Earth, 0.013, 1.000, 0.013
partner, 0.013, 1.000, 0.013
keyboard, 0.013, 1.000, 0.013
premeditation, 0.013, 1.000, 0.013
disease, 0.013, 1.000, 0.013
=, 0.013, 1.000, 0.013
proper, 0.012, 1.000, 0.012
like, 0.012, 1.000, 0.012
mean, 0.012, 1.000, 0.012
stuff, 0.012, 1.000, 0.012
current, 0.012, 1.000, 0.012
bipolar, 0.012, 1.000, 0.012
Mum, 0.011, 1.000, 0.011
case, 0.011, 1.000, 0.011
outdoors, 0.011, 1.000, 0.011
way, 0.011, 1.000, 0.011
grant, 0.011, 1.000, 0.011
tendency, 0.011, 1.000, 0.011
workplace, 0.011, 1.000, 0.011
exercise, 0.011, 1.000, 0.011
perfect, 0.011, 1.000, 0.011
calls.asking, 0.011, 1.000, 0.011
250, 0.010, 1.000, 0.010
texte, 0.010, 1.000, 0.010
fragile, 0.010, 1.000, 0.010
weariness, 0.010, 1.000, 0.010
damaged, 0.010, 1.000, 0.010
umpteenth, 0.010, 1.000, 0.010
sleep, 0.010, 1.000, 0.010
fuck, 0.010, 1.000, 0.010
max, 0.010, 1.000, 0.010
indifferent, 0.010, 1.000, 0.010
camping, 0.010, 1.000, 0.010
unhealthy, 0.010, 1.000, 0.010
push, 0.010, 1.000, 0.010
snap, 0.009, 1.000, 0.009
catholic, 0.009, 1.000, 0.009
endoscopy, 0.009, 1.000, 0.009
cab, 0.009, 1.000, 0.009
heath, 0.009, 1.000, 0.009
tense, 0.009, 1.000, 0.009
warn, 0.009, 1.000, 0.009
refund, 0.009, 1.000, 0.009
feel, 0.009, 1.000, 0.009
odd, 0.009, 1.000, 0.009
bunch, 0.009, 1.000, 0.009
wait, 0.009, 1.000, 0.009
psych, 0.009, 1.000, 0.009
punish, 0.009, 1.000, 0.009
sis, 0.009, 1.000, 0.009
wipe, 0.009, 1.000, 0.009
superior, 0.009, 1.000, 0.009
unknown, 0.009, 1.000, 0.009
gaming, 0.008, 1.000, 0.008
therapy, 0.008, 1.000, 0.008
stare, 0.008, 1.000, 0.008
plant, 0.008, 1.000, 0.008
gem, 0.008, 1.000, 0.008
terrible, 0.008, 1.000, 0.008
training, 0.008, 1.000, 0.008
prepare, 0.008, 1.000, 0.008
14/12/2019, 0.008, 1.000, 0.008
bittersweet, 0.008, 1.000, 0.008
toughness, 0.008, 1.000, 0.008
line, 0.008, 1.000, 0.008
smoking, 0.008, 1.000, 0.008
ready, 0.008, 1.000, 0.008
lil, 0.008, 1.000, 0.008
painful, 0.008, 1.000, 0.008
rib, 0.007, 1.000, 0.007
25f, 0.007, 1.000, 0.007
19, 0.007, 1.000, 0.007
uncrush, 0.007, 1.000, 0.007
decade, 0.007, 1.000, 0.007
abusive, 0.007, 1.000, 0.007
addict, 0.007, 1.000, 0.007
colorful, 0.007, 1.000, 0.007
heaven, 0.007, 1.000, 0.007
wank, 0.007, 1.000, 0.007
pot, 0.007, 1.000, 0.007
suppose, 0.007, 1.000, 0.007
degenerate, 0.007, 1.000, 0.007
confused, 0.007, 1.000, 0.007
asshole, 0.007, 1.000, 0.007
certain, 0.007, 1.000, 0.007
wash, 0.007, 1.000, 0.007
pic, 0.007, 1.000, 0.007
compassion, 0.007, 1.000, 0.007
comment, 0.006, 1.000, 0.006
oxygen, 0.006, 1.000, 0.006
send, 0.006, 1.000, 0.006
cure, 0.006, 1.000, 0.006
semblance, 0.006, 1.000, 0.006
t, 0.006, 1.000, 0.006
calming, 0.006, 1.000, 0.006
protect, 0.006, 1.000, 0.006
bargain, 0.006, 1.000, 0.006
eat, 0.006, 1.000, 0.006
statistic, 0.006, 1.000, 0.006
shift, 0.006, 1.000, 0.006
button, 0.006, 1.000, 0.006
Arizona, 0.006, 1.000, 0.006
meaningless, 0.006, 1.000, 0.006
issue, 0.006, 1.000, 0.006
embarrassing, 0.006, 1.000, 0.006
variant, 0.006, 1.000, 0.006
PROBLEMS, 0.006, 1.000, 0.006
unrelated, 0.006, 1.000, 0.006
hey, 0.006, 1.000, 0.006
week, 0.006, 1.000, 0.006
bind, 0.006, 1.000, 0.006
risk, 0.006, 1.000, 0.006
reason, 0.006, 1.000, 0.006
rando, 0.005, 1.000, 0.005
2021, 0.005, 1.000, 0.005
sudden, 0.005, 1.000, 0.005
bridge, 0.005, 1.000, 0.005
worried, 0.005, 1.000, 0.005
trouble, 0.005, 1.000, 0.005
kicker, 0.005, 1.000, 0.005
wit, 0.005, 1.000, 0.005
4, 0.005, 1.000, 0.005
diagnose, 0.005, 1.000, 0.005
eulogy, 0.005, 1.000, 0.005
\*i, 0.005, 1.000, 0.005
monoxide, 0.005, 1.000, 0.005
signal, 0.005, 1.000, 0.005
turn, 0.005, 1.000, 0.005
adore, 0.005, 1.000, 0.005
northern, 0.005, 1.000, 0.005
tighten, 0.005, 1.000, 0.005
usual, 0.005, 1.000, 0.005
peaceful, 0.005, 1.000, 0.005
god, 0.005, 1.000, 0.005
lt;3, 0.005, 1.000, 0.005
break, 0.005, 1.000, 0.005
shun, 0.005, 1.000, 0.005
flinch, 0.005, 1.000, 0.005
breakfast, 0.005, 1.000, 0.005
forgive, 0.005, 1.000, 0.005
stressful, 0.005, 1.000, 0.005
pain, 0.005, 1.000, 0.005
thank, 0.004, 1.000, 0.004
demolition, 0.004, 1.000, 0.004
neck, 0.004, 1.000, 0.004
fairytale, 0.004, 1.000, 0.004
kid, 0.004, 1.000, 0.004
worthlessness, 0.004, 1.000, 0.004
seemingly, 0.004, 1.000, 0.004
human, 0.004, 1.000, 0.004
distress, 0.004, 1.000, 0.004
stone, 0.004, 1.000, 0.004
tldr, 0.004, 1.000, 0.004
sober, 0.004, 1.000, 0.004
mass, 0.004, 1.000, 0.004
borrow, 0.004, 1.000, 0.004
jojo, 0.004, 1.000, 0.004
sympathize, 0.004, 1.000, 0.004
apprehensive, 0.004, 1.000, 0.004
bucket, 0.004, 1.000, 0.004
buck, 0.004, 1.000, 0.004
he‘s, 0.004, 1.000, 0.004
guess, 0.004, 1.000, 0.004
crowd, 0.004, 1.000, 0.004
flirt, 0.004, 1.000, 0.004
confusion, 0.004, 1.000, 0.004
lace, 0.004, 1.000, 0.004
martial, 0.004, 1.000, 0.004
class, 0.004, 1.000, 0.004
beta, 0.004, 1.000, 0.004
jade, 0.004, 1.000, 0.004
easy, 0.004, 1.000, 0.004
strangely, 0.004, 1.000, 0.004
isolated, 0.004, 1.000, 0.004
second, 0.004, 1.000, 0.004
100, 0.004, 1.000, 0.004
try, 0.004, 1.000, 0.004
entirely, 0.004, 1.000, 0.004
Youtube, 0.004, 1.000, 0.004
cut, 0.004, 1.000, 0.004
hollow, 0.004, 1.000, 0.004
Rona, 0.003, 1.000, 0.003
permanently, 0.003, 1.000, 0.003
overthink, 0.003, 1.000, 0.003
discipline, 0.003, 1.000, 0.003
basic, 0.003, 1.000, 0.003
body, 0.003, 1.000, 0.003
improve, 0.003, 1.000, 0.003
non, 0.003, 1.000, 0.003
major, 0.003, 1.000, 0.003
Sundae, 0.003, 1.000, 0.003
compliment, 0.003, 1.000, 0.003
grace, 0.003, 1.000, 0.003
ambition, 0.003, 1.000, 0.003
supervisor, 0.003, 1.000, 0.003
BOIZ, 0.003, 1.000, 0.003
qualify, 0.003, 1.000, 0.003
settle, 0.003, 1.000, 0.003
soup, 0.003, 1.000, 0.003
disheartening, 0.003, 1.000, 0.003
brand, 0.003, 1.000, 0.003
Vet, 0.003, 1.000, 0.003
legacy, 0.003, 1.000, 0.003
cohorent, 0.003, 1.000, 0.003
server, 0.003, 1.000, 0.003
Saturday, 0.003, 1.000, 0.003
asian, 0.003, 1.000, 0.003
paradox, 0.003, 1.000, 0.003
complaint, 0.003, 1.000, 0.003
lyric, 0.003, 1.000, 0.003
nicely, 0.003, 1.000, 0.003
metal, 0.003, 1.000, 0.003
bruise, 0.003, 1.000, 0.003
impossible, 0.003, 1.000, 0.003
mention, 0.003, 1.000, 0.003
somewhat, 0.003, 1.000, 0.003
wtf, 0.003, 1.000, 0.003
husband, 0.003, 1.000, 0.003
helpful, 0.003, 1.000, 0.003
satisfied, 0.003, 1.000, 0.003
trust, 0.003, 1.000, 0.003
WHORE, 0.003, 1.000, 0.003
taboo, 0.003, 1.000, 0.003
ran, 0.003, 1.000, 0.003
hello, 0.003, 1.000, 0.003
ignorance, 0.003, 1.000, 0.003
people, 0.003, 1.000, 0.003
remind, 0.003, 1.000, 0.003
sanity, 0.003, 1.000, 0.003
nope, 0.003, 1.000, 0.003
absolute, 0.003, 1.000, 0.003
salesman, 0.003, 1.000, 0.003
mouth, 0.003, 1.000, 0.003
spring, 0.003, 1.000, 0.003
dissapointed, 0.003, 1.000, 0.003
connect, 0.003, 1.000, 0.003
radio, 0.003, 1.000, 0.003
sentence, 0.003, 1.000, 0.003
dissociative, 0.003, 1.000, 0.003
depend, 0.003, 1.000, 0.003
Spravato, 0.003, 1.000, 0.003
I\`m, 0.003, 1.000, 0.003
exception, 0.003, 1.000, 0.003
daily, 0.003, 1.000, 0.003
justice, 0.003, 1.000, 0.003
tear, 0.003, 1.000, 0.003
sick, 0.003, 1.000, 0.003
crisis, 0.003, 1.000, 0.003
tech, 0.003, 1.000, 0.003
universe, 0.003, 1.000, 0.003
haha, 0.003, 1.000, 0.003
mortify, 0.003, 1.000, 0.003
upset, 0.003, 1.000, 0.003
reveal, 0.003, 1.000, 0.003
actual, 0.003, 1.000, 0.003
voluntarily, 0.003, 1.000, 0.003
backfire, 0.003, 1.000, 0.003
funny, 0.003, 1.000, 0.003
incomplete, 0.003, 1.000, 0.003
lemme, 0.003, 1.000, 0.003
solitude, 0.002, 1.000, 0.002
TORTUROUS, 0.002, 1.000, 0.002
eunuch, 0.002, 1.000, 0.002
excitement, 0.002, 1.000, 0.002
relate, 0.002, 1.000, 0.002
bill, 0.002, 1.000, 0.002
cease, 0.002, 1.000, 0.002
bitch, 0.002, 1.000, 0.002
imagine, 0.002, 1.000, 0.002
flag, 0.002, 1.000, 0.002
manage, 0.002, 1.000, 0.002
vibe, 0.002, 1.000, 0.002
faint, 0.002, 1.000, 0.002
bubbly, 0.002, 1.000, 0.002
loom, 0.002, 1.000, 0.002
authentic, 0.002, 1.000, 0.002
bleed, 0.002, 1.000, 0.002
goddamne, 0.002, 1.000, 0.002
cloud, 0.002, 1.000, 0.002
18, 0.002, 1.000, 0.002
useful, 0.002, 1.000, 0.002
therapist, 0.002, 1.000, 0.002
imbalance, 0.002, 1.000, 0.002
blank, 0.002, 1.000, 0.002
😢, 0.002, 1.000, 0.002
idek, 0.002, 1.000, 0.002
unintelligent, 0.002, 1.000, 0.002
downstairs-, 0.002, 1.000, 0.002
care, 0.002, 1.000, 0.002
bang, 0.002, 1.000, 0.002
downer, 0.002, 1.000, 0.002
strike, 0.002, 1.000, 0.002
path, 0.002, 1.000, 0.002
California, 0.002, 1.000, 0.002
burglary, 0.002, 1.000, 0.002
strict, 0.002, 1.000, 0.002
hatred, 0.002, 1.000, 0.002
romantic, 0.002, 1.000, 0.002
extremely, 0.002, 1.000, 0.002
wear, 0.002, 1.000, 0.002
browse, 0.002, 1.000, 0.002
young, 0.002, 1.000, 0.002
fail, 0.002, 1.000, 0.002
36, 0.002, 1.000, 0.002
alright, 0.002, 1.000, 0.002
demente, 0.002, 1.000, 0.002
principal, 0.002, 1.000, 0.002
throught, 0.002, 1.000, 0.002
upsetting, 0.002, 1.000, 0.002
youtube, 0.002, 1.000, 0.002
goat, 0.002, 1.000, 0.002
irritated, 0.002, 1.000, 0.002
deal, 0.002, 1.000, 0.002
fly, 0.002, 1.000, 0.002
inept, 0.002, 1.000, 0.002
slow, 0.002, 1.000, 0.002
pregnant, 0.002, 1.000, 0.002
hang, 0.002, 1.000, 0.002
infect, 0.002, 1.000, 0.002
powerlifte, 0.002, 1.000, 0.002
father, 0.002, 1.000, 0.002
Bill, 0.002, 1.000, 0.002
expel, 0.002, 1.000, 0.002
great, 0.002, 1.000, 0.002
familiar, 0.002, 1.000, 0.002
stupid, 0.002, 1.000, 0.002
vision, 0.002, 1.000, 0.002
Bachelor, 0.002, 1.000, 0.002
virus, 0.002, 1.000, 0.002
snooze, 0.002, 1.000, 0.002
hide, 0.002, 1.000, 0.002
remember, 0.002, 1.000, 0.002
awareness, 0.002, 1.000, 0.002
oh, 0.002, 1.000, 0.002
reading, 0.002, 1.000, 0.002
common, 0.002, 1.000, 0.002
narcissistic, 0.002, 1.000, 0.002
possibly, 0.002, 1.000, 0.002
death, 0.002, 1.000, 0.002
cuddle, 0.002, 1.000, 0.002
color, 0.002, 1.000, 0.002
dance, 0.002, 1.000, 0.002
Facebook, 0.002, 1.000, 0.002
normal, 0.002, 1.000, 0.002
sign, 0.002, 1.000, 0.002
unstable, 0.002, 1.000, 0.002
burst, 0.002, 1.000, 0.002
eye, 0.002, 1.000, 0.002
amazing, 0.002, 1.000, 0.002
hiatus, 0.002, 1.000, 0.002
ext, 0.002, 1.000, 0.002
bend, 0.002, 1.000, 0.002
hungry, 0.002, 1.000, 0.002
college, 0.002, 1.000, 0.002
cynicism, 0.002, 1.000, 0.002
photo, 0.002, 1.000, 0.002
hoodie, 0.002, 1.000, 0.002
buckle, 0.002, 1.000, 0.002
emotionally, 0.002, 1.000, 0.002
endure, 0.002, 1.000, 0.002
Lexapro, 0.002, 1.000, 0.002
asphyxiation, 0.001, 1.000, 0.001
believe, 0.001, 1.000, 0.001
penny, 0.001, 1.000, 0.001
situate, 0.001, 1.000, 0.001
inmate, 0.001, 1.000, 0.001
regular, 0.001, 1.000, 0.001
incredibly, 0.001, 1.000, 0.001
build, 0.001, 1.000, 0.001
rent, 0.001, 1.000, 0.001
funk, 0.001, 1.000, 0.001
practically, 0.001, 1.000, 0.001
phase, 0.001, 1.000, 0.001
ward, 0.001, 1.000, 0.001
favor, 0.001, 1.000, 0.001
surprisingly, 0.001, 1.000, 0.001
sun, 0.001, 1.000, 0.001
wrong, 0.001, 1.000, 0.001
trick, 0.001, 1.000, 0.001
suspend, 0.001, 1.000, 0.001
authority, 0.001, 1.000, 0.001
shirt, 0.001, 1.000, 0.001
automatically, 0.001, 1.000, 0.001
beer, 0.001, 1.000, 0.001
fake, 0.001, 1.000, 0.001
hopelessness, 0.001, 1.000, 0.001
disgust, 0.001, 1.000, 0.001
wander, 0.001, 1.000, 0.001
robot, 0.001, 1.000, 0.001
award/16/154/01, 0.001, 1.000, 0.001
abnormal, 0.001, 1.000, 0.001
homicidal, 0.001, 1.000, 0.001
hobby, 0.001, 1.000, 0.001
Fight, 0.001, 1.000, 0.001
exist, 0.001, 1.000, 0.001
tiring, 0.001, 1.000, 0.001
weekday, 0.001, 1.000, 0.001
activate, 0.001, 1.000, 0.001
convenience, 0.001, 1.000, 0.001
eventually, 0.001, 1.000, 0.001
lot, 0.001, 1.000, 0.001
sleepless, 0.001, 1.000, 0.001
end, 0.001, 1.000, 0.001
fall, 0.001, 1.000, 0.001
16yo, 0.001, 1.000, 0.001
locate, 0.001, 1.000, 0.001
willing, 0.001, 1.000, 0.001
customer, 0.001, 1.000, 0.001
recycle, 0.001, 1.000, 0.001
God, 0.001, 1.000, 0.001
oftenly, 0.001, 1.000, 0.001
exorcism, 0.001, 1.000, 0.001
event, 0.001, 1.000, 0.001
someday, 0.001, 1.000, 0.001
grocery, 0.001, 1.000, 0.001
cynical, 0.001, 1.000, 0.001
honor, 0.001, 1.000, 0.001
anytime, 0.001, 1.000, 0.001
😥, 0.001, 1.000, 0.001
occurrence, 0.001, 1.000, 0.001
sector, 0.001, 1.000, 0.001
gf, 0.001, 1.000, 0.001
counter, 0.001, 1.000, 0.001
friendzone, 0.001, 1.000, 0.001
I‘m, 0.001, 1.000, 0.001
year, 0.001, 1.000, 0.001
blue, 0.001, 1.000, 0.001
coke, 0.001, 1.000, 0.001
permanent, 0.001, 1.000, 0.001
cozy, 0.001, 1.000, 0.001
cocktail, 0.001, 1.000, 0.001
string, 0.001, 1.000, 0.001
spend, 0.001, 1.000, 0.001
logical, 0.001, 1.000, 0.001
gravity, 0.001, 1.000, 0.001
medicate, 0.001, 1.000, 0.001
engineering, 0.001, 1.000, 0.001
firmly, 0.001, 1.000, 0.001
involved, 0.001, 1.000, 0.001
30,000, 0.001, 1.000, 0.001
thing, 0.001, 1.000, 0.001
enable, 0.001, 1.000, 0.001
incidence, 0.001, 1.000, 0.001
useless, 0.001, 1.000, 0.001
ADHD, 0.001, 1.000, 0.001
marijuana, 0.001, 1.000, 0.001
wallowing, 0.001, 1.000, 0.001
bully, 0.001, 1.000, 0.001
pseudoscience, 0.001, 1.000, 0.001
picture, 0.001, 1.000, 0.001
shut, 0.001, 1.000, 0.001
cope, 0.000, 1.000, 0.000
vocal, 0.000, 1.000, 0.000
grass, 0.000, 1.000, 0.000
mirror, 0.000, 1.000, 0.000
overnight, 0.000, 1.000, 0.000
sensitive, 0.000, 1.000, 0.000
crazy, 0.000, 1.000, 0.000
vivid, 0.000, 1.000, 0.000
11, 0.000, 1.000, 0.000
cling, 0.000, 1.000, 0.000
damn, 0.000, 1.000, 0.000
maintae, 0.000, 1.000, 0.000
terrified, 0.000, 1.000, 0.000
influence, 0.000, 1.000, 0.000
Group num: 4, TC(X;Y_j): 2.028
energia, 0.077, 1.000, 0.077
accord, 0.073, 1.000, 0.073
engage, 0.067, 1.000, 0.067
loose, 0.064, 1.000, 0.064
cop, 0.054, 1.000, 0.054
ramble, 0.052, 1.000, 0.052
numb, 0.046, 1.000, 0.046
behalf, 0.045, 1.000, 0.045
lamest, 0.044, 1.000, 0.044
stranger, 0.039, 1.000, 0.039
plus, 0.039, 1.000, 0.039
instantly, 0.039, 1.000, 0.039
guilte, 0.038, 1.000, 0.038
recognize, 0.037, 1.000, 0.037
blessed, 0.036, 1.000, 0.036
valid, 0.035, 1.000, 0.035
clumsy, 0.035, 1.000, 0.035
monitor, 0.034, 1.000, 0.034
monotony, 0.032, 1.000, 0.032
routine, 0.032, 1.000, 0.032
numbess, 0.031, 1.000, 0.031
journale, 0.029, 1.000, 0.029
know, 0.027, 1.000, 0.027
deflate, 0.027, 1.000, 0.027
outside, 0.027, 1.000, 0.027
format, 0.025, 1.000, 0.025
kill, 0.025, 1.000, 0.025
homophobic, 0.025, 1.000, 0.025
ad, 0.024, 1.000, 0.024
dose, 0.022, 1.000, 0.022
plead, 0.022, 1.000, 0.022
5th, 0.022, 1.000, 0.022
advice, 0.020, 1.000, 0.020
nd, 0.020, 1.000, 0.020
cough, 0.019, 1.000, 0.019
ache, 0.019, 1.000, 0.019
tasting, 0.018, 1.000, 0.018
mix, 0.018, 1.000, 0.018
rod, 0.018, 1.000, 0.018
slowly, 0.017, 1.000, 0.017
Phoenix, 0.017, 1.000, 0.017
motivated, 0.017, 1.000, 0.017
income, 0.017, 1.000, 0.017
kind, 0.016, 1.000, 0.016
toughness-5-practical, 0.016, 1.000, 0.016
urge, 0.016, 1.000, 0.016
forensic, 0.016, 1.000, 0.016
accidentally, 0.016, 1.000, 0.016
woman, 0.016, 1.000, 0.016
moderately, 0.015, 1.000, 0.015
calm, 0.015, 1.000, 0.015
supposedly, 0.015, 1.000, 0.015
flower, 0.015, 1.000, 0.015
plan, 0.015, 1.000, 0.015
mid, 0.014, 1.000, 0.014
account, 0.014, 1.000, 0.014
return, 0.014, 1.000, 0.014
negative, 0.014, 1.000, 0.014
definitely, 0.014, 1.000, 0.014
HATE, 0.014, 1.000, 0.014
diver, 0.014, 1.000, 0.014
adjust, 0.014, 1.000, 0.014
knowledge, 0.014, 1.000, 0.014
350, 0.013, 1.000, 0.013
mammal, 0.013, 1.000, 0.013
insecurity, 0.013, 1.000, 0.013
lego, 0.013, 1.000, 0.013
hideout, 0.013, 1.000, 0.013
award/16/127/17, 0.013, 1.000, 0.013
minecraft, 0.012, 1.000, 0.012
violence, 0.012, 1.000, 0.012
vote, 0.012, 1.000, 0.012
merciful, 0.012, 1.000, 0.012
2nd, 0.012, 1.000, 0.012
underneath, 0.012, 1.000, 0.012
morning, 0.011, 1.000, 0.011
outcast, 0.011, 1.000, 0.011
weekend, 0.011, 1.000, 0.011
Arabia, 0.011, 1.000, 0.011
legal, 0.011, 1.000, 0.011
money, 0.011, 1.000, 0.011
derive, 0.011, 1.000, 0.011
occur, 0.011, 1.000, 0.011
month, 0.011, 1.000, 0.011
rip, 0.011, 1.000, 0.011
subject, 0.011, 1.000, 0.011
key, 0.011, 1.000, 0.011
1/2, 0.010, 1.000, 0.010
left, 0.010, 1.000, 0.010
ego, 0.010, 1.000, 0.010
-was-, 0.010, 1.000, 0.010
regard, 0.010, 1.000, 0.010
mom, 0.010, 1.000, 0.010
ps, 0.010, 1.000, 0.010
eating, 0.010, 1.000, 0.010
basically, 0.010, 1.000, 0.010
dilute, 0.010, 1.000, 0.010
absenteeism, 0.009, 1.000, 0.009
teenage, 0.009, 1.000, 0.009
celebrate, 0.009, 1.000, 0.009
warning, 0.009, 1.000, 0.009
man, 0.009, 1.000, 0.009
chemical, 0.009, 1.000, 0.009
weep, 0.009, 1.000, 0.009
nausea, 0.009, 1.000, 0.009
amp;nbsp, 0.009, 1.000, 0.009
tolerance, 0.009, 1.000, 0.009
independent, 0.009, 1.000, 0.009
divide, 0.009, 1.000, 0.009
learn, 0.009, 1.000, 0.009
balance, 0.009, 1.000, 0.009
derealization, 0.009, 1.000, 0.009
greatful, 0.009, 1.000, 0.009
marriage, 0.009, 1.000, 0.009
guard, 0.009, 1.000, 0.009
suggest, 0.008, 1.000, 0.008
stick, 0.008, 1.000, 0.008
allow, 0.008, 1.000, 0.008
custody, 0.008, 1.000, 0.008
truth, 0.008, 1.000, 0.008
traumatized, 0.008, 1.000, 0.008
covid, 0.008, 1.000, 0.008
excited, 0.008, 1.000, 0.008
permit, 0.008, 1.000, 0.008
fate, 0.008, 1.000, 0.008
episode, 0.008, 1.000, 0.008
hardcore, 0.008, 1.000, 0.008
ridiculous, 0.007, 1.000, 0.007
anxious, 0.007, 1.000, 0.007
xl, 0.007, 1.000, 0.007
stomach, 0.007, 1.000, 0.007
desperate, 0.007, 1.000, 0.007
food(spent, 0.007, 1.000, 0.007
peacefully, 0.007, 1.000, 0.007
predetermine, 0.007, 1.000, 0.007
aggravate, 0.007, 1.000, 0.007
competence, 0.007, 1.000, 0.007
plotline, 0.007, 1.000, 0.007
ass, 0.007, 1.000, 0.007
gut, 0.007, 1.000, 0.007
forever, 0.007, 1.000, 0.007
employment, 0.007, 1.000, 0.007
retreat, 0.007, 1.000, 0.007
obtain, 0.007, 1.000, 0.007
F, 0.007, 1.000, 0.007
redirect, 0.007, 1.000, 0.007
resume, 0.007, 1.000, 0.007
insanity, 0.006, 1.000, 0.006
food, 0.006, 1.000, 0.006
pester, 0.006, 1.000, 0.006
myth, 0.006, 1.000, 0.006
amnesia, 0.006, 1.000, 0.006
breath, 0.006, 1.000, 0.006
understand, 0.006, 1.000, 0.006
FFS, 0.006, 1.000, 0.006
bright, 0.006, 1.000, 0.006
roar, 0.006, 1.000, 0.006
jelly, 0.006, 1.000, 0.006
pursue, 0.006, 1.000, 0.006
pansexual, 0.006, 1.000, 0.006
work, 0.006, 1.000, 0.006
black, 0.006, 1.000, 0.006
shameful, 0.006, 1.000, 0.006
Life, 0.006, 1.000, 0.006
Bible, 0.006, 1.000, 0.006
openly, 0.006, 1.000, 0.006
awesome, 0.006, 1.000, 0.006
hurt, 0.006, 1.000, 0.006
shamble, 0.006, 1.000, 0.006
absolutely, 0.006, 1.000, 0.006
un, 0.006, 1.000, 0.006
existance, 0.005, 1.000, 0.005
harder, 0.005, 1.000, 0.005
dead, 0.005, 1.000, 0.005
feb, 0.005, 1.000, 0.005
beautiful, 0.005, 1.000, 0.005
Z., 0.005, 1.000, 0.005
highschool, 0.005, 1.000, 0.005
green, 0.005, 1.000, 0.005
wellness, 0.005, 1.000, 0.005
uh, 0.005, 1.000, 0.005
motion, 0.005, 1.000, 0.005
disorder, 0.005, 1.000, 0.005
setback, 0.005, 1.000, 0.005
able, 0.005, 1.000, 0.005
long, 0.005, 1.000, 0.005
entity, 0.005, 1.000, 0.005
type, 0.005, 1.000, 0.005
result, 0.005, 1.000, 0.005
u, 0.005, 1.000, 0.005
2, 0.005, 1.000, 0.005
beach, 0.005, 1.000, 0.005
subway, 0.005, 1.000, 0.005
academically, 0.005, 1.000, 0.005
Wednesday, 0.005, 1.000, 0.005
cowardly, 0.005, 1.000, 0.005
coward, 0.005, 1.000, 0.005
grateful, 0.005, 1.000, 0.005
gallon, 0.005, 1.000, 0.005
slight, 0.005, 1.000, 0.005
purpose, 0.005, 1.000, 0.005
white, 0.005, 1.000, 0.005
estrangement, 0.005, 1.000, 0.005
rock, 0.005, 1.000, 0.005
maybe, 0.005, 1.000, 0.005
abattoir, 0.005, 1.000, 0.005
ingrain, 0.005, 1.000, 0.005
harm, 0.005, 1.000, 0.005
explanation, 0.005, 1.000, 0.005
numbness, 0.005, 1.000, 0.005
drain, 0.004, 1.000, 0.004
debate, 0.004, 1.000, 0.004
groans, 0.004, 1.000, 0.004
ability, 0.004, 1.000, 0.004
intend, 0.004, 1.000, 0.004
professional, 0.004, 1.000, 0.004
consequence, 0.004, 1.000, 0.004
\[f20\, 0.004, 1.000, 0.004
divorce, 0.004, 1.000, 0.004
needle, 0.004, 1.000, 0.004
check, 0.004, 1.000, 0.004
private, 0.004, 1.000, 0.004
meh, 0.004, 1.000, 0.004
bpd, 0.004, 1.000, 0.004
longing, 0.004, 1.000, 0.004
bury, 0.004, 1.000, 0.004
term, 0.004, 1.000, 0.004
schoolwork, 0.004, 1.000, 0.004
pre, 0.004, 1.000, 0.004
Mid, 0.004, 1.000, 0.004
Memories, 0.004, 1.000, 0.004
IM, 0.004, 1.000, 0.004
cocoon, 0.004, 1.000, 0.004
store, 0.004, 1.000, 0.004
gratification, 0.004, 1.000, 0.004
counselor, 0.004, 1.000, 0.004
personality, 0.004, 1.000, 0.004
unexpected, 0.004, 1.000, 0.004
positive, 0.004, 1.000, 0.004
prescribe, 0.004, 1.000, 0.004
bit, 0.004, 1.000, 0.004
drastically, 0.004, 1.000, 0.004
fairly, 0.004, 1.000, 0.004
minor, 0.004, 1.000, 0.004
tall, 0.004, 1.000, 0.004
gay, 0.004, 1.000, 0.004
patient, 0.004, 1.000, 0.004
tact, 0.004, 1.000, 0.004
Seperet, 0.004, 1.000, 0.004
Bell, 0.004, 1.000, 0.004
gift, 0.004, 1.000, 0.004
alpha, 0.004, 1.000, 0.004
yelling, 0.004, 1.000, 0.004
salvage, 0.004, 1.000, 0.004
unrealistic, 0.004, 1.000, 0.004
brain, 0.003, 1.000, 0.003
introverted, 0.003, 1.000, 0.003
worse, 0.003, 1.000, 0.003
community, 0.003, 1.000, 0.003
depressive, 0.003, 1.000, 0.003
fear, 0.003, 1.000, 0.003
liar, 0.003, 1.000, 0.003
complain, 0.003, 1.000, 0.003
grasp, 0.003, 1.000, 0.003
 
  
 , 0.003, 1.000, 0.003
homeless, 0.003, 1.000, 0.003
unnoticeable, 0.003, 1.000, 0.003
dirt, 0.003, 1.000, 0.003
ocean, 0.003, 1.000, 0.003
supportive, 0.003, 1.000, 0.003
inject, 0.003, 1.000, 0.003
surviving, 0.003, 1.000, 0.003
analysis, 0.003, 1.000, 0.003
miserable, 0.003, 1.000, 0.003
arraignment, 0.003, 1.000, 0.003
false, 0.003, 1.000, 0.003
idrk, 0.003, 1.000, 0.003
Army, 0.003, 1.000, 0.003
page, 0.003, 1.000, 0.003
like](https://hellopoetry.com, 0.003, 1.000, 0.003
reconnect, 0.003, 1.000, 0.003
married, 0.003, 1.000, 0.003
acid, 0.003, 1.000, 0.003
aid, 0.003, 1.000, 0.003
appear, 0.003, 1.000, 0.003
disturb, 0.003, 1.000, 0.003
pillow, 0.003, 1.000, 0.003
nearby, 0.003, 1.000, 0.003
cool, 0.003, 1.000, 0.003
fixate, 0.003, 1.000, 0.003
redeem, 0.003, 1.000, 0.003
passive, 0.003, 1.000, 0.003
peer, 0.003, 1.000, 0.003
abroad, 0.003, 1.000, 0.003
throwaway, 0.003, 1.000, 0.003
manifest, 0.003, 1.000, 0.003
situational, 0.003, 1.000, 0.003
insert, 0.003, 1.000, 0.003
Wright, 0.003, 1.000, 0.003
aunt, 0.003, 1.000, 0.003
archetype, 0.003, 1.000, 0.003
real, 0.003, 1.000, 0.003
friendly, 0.003, 1.000, 0.003
shoreline, 0.003, 1.000, 0.003
existence, 0.003, 1.000, 0.003
idealistic, 0.003, 1.000, 0.003
ocd, 0.003, 1.000, 0.003
disapproval, 0.003, 1.000, 0.003
fetus, 0.003, 1.000, 0.003
irl, 0.003, 1.000, 0.003
degrade, 0.003, 1.000, 0.003
chip, 0.003, 1.000, 0.003
dinner, 0.003, 1.000, 0.003
local, 0.003, 1.000, 0.003
follow, 0.003, 1.000, 0.003
frustration, 0.003, 1.000, 0.003
xoxo, 0.003, 1.000, 0.003
rude, 0.003, 1.000, 0.003
unheard, 0.003, 1.000, 0.003
home, 0.003, 1.000, 0.003
lead, 0.003, 1.000, 0.003
capable, 0.003, 1.000, 0.003
prefer, 0.003, 1.000, 0.003
v, 0.003, 1.000, 0.003
completely, 0.003, 1.000, 0.003
outlet, 0.003, 1.000, 0.003
impulse, 0.003, 1.000, 0.003
fleeting, 0.002, 1.000, 0.002
disappointed, 0.002, 1.000, 0.002
description, 0.002, 1.000, 0.002
XBOX28, 0.002, 1.000, 0.002
scent, 0.002, 1.000, 0.002
response, 0.002, 1.000, 0.002
rafter, 0.002, 1.000, 0.002
damage, 0.002, 1.000, 0.002
typhoon, 0.002, 1.000, 0.002
90, 0.002, 1.000, 0.002
cone, 0.002, 1.000, 0.002
irritable, 0.002, 1.000, 0.002
guilty, 0.002, 1.000, 0.002
whore, 0.002, 1.000, 0.002
stand, 0.002, 1.000, 0.002
optimism, 0.002, 1.000, 0.002
worst, 0.002, 1.000, 0.002
checkup, 0.002, 1.000, 0.002
clarity, 0.002, 1.000, 0.002
core, 0.002, 1.000, 0.002
judge, 0.002, 1.000, 0.002
brief, 0.002, 1.000, 0.002
diagnosis, 0.002, 1.000, 0.002
journey, 0.002, 1.000, 0.002
hopelessly, 0.002, 1.000, 0.002
noose, 0.002, 1.000, 0.002
whilst, 0.002, 1.000, 0.002
bleak, 0.002, 1.000, 0.002
blood, 0.002, 1.000, 0.002
tight, 0.002, 1.000, 0.002
confess, 0.002, 1.000, 0.002
drunken, 0.002, 1.000, 0.002
attack, 0.002, 1.000, 0.002
finger, 0.002, 1.000, 0.002
career, 0.002, 1.000, 0.002
halt, 0.002, 1.000, 0.002
company, 0.002, 1.000, 0.002
scar, 0.002, 1.000, 0.002
disnt, 0.002, 1.000, 0.002
doubt, 0.002, 1.000, 0.002
junior, 0.002, 1.000, 0.002
20years, 0.002, 1.000, 0.002
Server, 0.002, 1.000, 0.002
diet, 0.002, 1.000, 0.002
test, 0.002, 1.000, 0.002
toxic, 0.002, 1.000, 0.002
football, 0.002, 1.000, 0.002
tock, 0.002, 1.000, 0.002
stepmother, 0.002, 1.000, 0.002
salary, 0.002, 1.000, 0.002
respond, 0.002, 1.000, 0.002
energy, 0.002, 1.000, 0.002
confinement, 0.002, 1.000, 0.002
vodka, 0.002, 1.000, 0.002
search, 0.002, 1.000, 0.002
psychotic, 0.002, 1.000, 0.002
isolate, 0.002, 1.000, 0.002
fucker, 0.002, 1.000, 0.002
flashback, 0.002, 1.000, 0.002
B., 0.002, 1.000, 0.002
lifeless, 0.002, 1.000, 0.002
barley, 0.002, 1.000, 0.002
bloodthirsty, 0.002, 1.000, 0.002
anymore, 0.002, 1.000, 0.002
tone, 0.002, 1.000, 0.002
manga, 0.002, 1.000, 0.002
antipsychotic, 0.002, 1.000, 0.002
develop, 0.002, 1.000, 0.002
scramble, 0.002, 1.000, 0.002
paper, 0.002, 1.000, 0.002
field, 0.002, 1.000, 0.002
scary, 0.002, 1.000, 0.002
frail, 0.002, 1.000, 0.002
disgusting, 0.002, 1.000, 0.002
bringing, 0.002, 1.000, 0.002
upvote, 0.002, 1.000, 0.002
it‘s, 0.002, 1.000, 0.002
erase, 0.002, 1.000, 0.002
window, 0.002, 1.000, 0.002
doggo, 0.002, 1.000, 0.002
E., 0.002, 1.000, 0.002
yeas, 0.002, 1.000, 0.002
eventual, 0.002, 1.000, 0.002
jobless, 0.002, 1.000, 0.002
print, 0.002, 1.000, 0.002
Music, 0.002, 1.000, 0.002
can\`t, 0.002, 1.000, 0.002
king, 0.002, 1.000, 0.002
officer, 0.002, 1.000, 0.002
standard, 0.002, 1.000, 0.002
tick, 0.002, 1.000, 0.002
plentiful, 0.002, 1.000, 0.002
drop, 0.002, 1.000, 0.002
misery, 0.002, 1.000, 0.002
inpatient, 0.002, 1.000, 0.002
proof, 0.002, 1.000, 0.002
tank, 0.002, 1.000, 0.002
glimpse, 0.002, 1.000, 0.002
poison, 0.002, 1.000, 0.002
DoorDash, 0.002, 1.000, 0.002
imperfect, 0.002, 1.000, 0.002
drinkable, 0.002, 1.000, 0.002
juvenile, 0.002, 1.000, 0.002
miss, 0.002, 1.000, 0.002
mechanism, 0.002, 1.000, 0.002
increasingly, 0.002, 1.000, 0.002
distraction, 0.002, 1.000, 0.002
cheat, 0.002, 1.000, 0.002
venom, 0.002, 1.000, 0.002
ruin, 0.002, 1.000, 0.002
torturous, 0.002, 1.000, 0.002
earlier, 0.002, 1.000, 0.002
weak, 0.002, 1.000, 0.002
twisted, 0.002, 1.000, 0.002
emailing, 0.002, 1.000, 0.002
r, 0.002, 1.000, 0.002
forget, 0.002, 1.000, 0.002
loser, 0.002, 1.000, 0.002
nod, 0.002, 1.000, 0.002
wrap, 0.002, 1.000, 0.002
boost, 0.002, 1.000, 0.002
expectation, 0.002, 1.000, 0.002
s, 0.002, 1.000, 0.002
holiday, 0.002, 1.000, 0.002
south, 0.002, 1.000, 0.002
offend, 0.002, 1.000, 0.002
hush, 0.002, 1.000, 0.002
promote, 0.002, 1.000, 0.002
unjust, 0.002, 1.000, 0.002
suicidal, 0.002, 1.000, 0.002
awh, 0.002, 1.000, 0.002
shame, 0.002, 1.000, 0.002
thigh, 0.002, 1.000, 0.002
night, 0.002, 1.000, 0.002
2015, 0.002, 1.000, 0.002
everyday, 0.002, 1.000, 0.002
impractical, 0.001, 1.000, 0.001
uncle, 0.001, 1.000, 0.001
communication, 0.001, 1.000, 0.001
painfully, 0.001, 1.000, 0.001
ptsd, 0.001, 1.000, 0.001
row, 0.001, 1.000, 0.001
accomplishment, 0.001, 1.000, 0.001
stew, 0.001, 1.000, 0.001
y.o, 0.001, 1.000, 0.001
todaaay, 0.001, 1.000, 0.001
70, 0.001, 1.000, 0.001
endless, 0.001, 1.000, 0.001
late, 0.001, 1.000, 0.001
fucking, 0.001, 1.000, 0.001
intention, 0.001, 1.000, 0.001
disapprove, 0.001, 1.000, 0.001
goddamn, 0.001, 1.000, 0.001
Memes, 0.001, 1.000, 0.001
doom, 0.001, 1.000, 0.001
chase, 0.001, 1.000, 0.001
cat, 0.001, 1.000, 0.001
revive, 0.001, 1.000, 0.001
nation, 0.001, 1.000, 0.001
male, 0.001, 1.000, 0.001
damndest, 0.001, 1.000, 0.001
housing, 0.001, 1.000, 0.001
roommate, 0.001, 1.000, 0.001
blanket, 0.001, 1.000, 0.001
it](https://sensecrib.com, 0.001, 1.000, 0.001
abstract, 0.001, 1.000, 0.001
imitate, 0.001, 1.000, 0.001
forest, 0.001, 1.000, 0.001
simple, 0.001, 1.000, 0.001
true, 0.001, 1.000, 0.001
deserve, 0.001, 1.000, 0.001
ex, 0.001, 1.000, 0.001
loneliness, 0.001, 1.000, 0.001
presence, 0.001, 1.000, 0.001
climb, 0.001, 1.000, 0.001
suspect, 0.001, 1.000, 0.001
wine, 0.001, 1.000, 0.001
suddenly, 0.001, 1.000, 0.001
weed, 0.001, 1.000, 0.001
rounding, 0.001, 1.000, 0.001
season, 0.001, 1.000, 0.001
session, 0.001, 1.000, 0.001
repair, 0.001, 1.000, 0.001
victor, 0.001, 1.000, 0.001
immerse, 0.001, 1.000, 0.001
reality, 0.001, 1.000, 0.001
quickly, 0.001, 1.000, 0.001
e, 0.001, 1.000, 0.001
vet, 0.001, 1.000, 0.001
symptom, 0.001, 1.000, 0.001
promise, 0.001, 1.000, 0.001


    , 0.001, 1.000, 0.001
massive, 0.001, 1.000, 0.001
slip, 0.001, 1.000, 0.001
courage, 0.001, 1.000, 0.001
I.am, 0.001, 1.000, 0.001
impactful, 0.001, 1.000, 0.001
        

 , 0.001, 1.000, 0.001
attempt, 0.001, 1.000, 0.001
terrace, 0.001, 1.000, 0.001
wade, 0.001, 1.000, 0.001
create, 0.001, 1.000, 0.001
bar, 0.001, 1.000, 0.001
haste, 0.001, 1.000, 0.001
40, 0.001, 1.000, 0.001
roach, 0.001, 1.000, 0.001
Male, 0.001, 1.000, 0.001
16, 0.001, 1.000, 0.001
hownstly, 0.001, 1.000, 0.001
insure, 0.001, 1.000, 0.001
pocket, 0.001, 1.000, 0.001
retard, 0.001, 1.000, 0.001
MAYBE, 0.001, 1.000, 0.001
cinder, 0.001, 1.000, 0.001
feature, 0.001, 1.000, 0.001
meaningful, 0.001, 1.000, 0.001
appointment, 0.001, 1.000, 0.001
^, 0.001, 1.000, 0.001
fbi, 0.001, 1.000, 0.001
justify, 0.001, 1.000, 0.001
tiny, 0.001, 1.000, 0.001
weirdly, 0.001, 1.000, 0.001
severe, 0.001, 1.000, 0.001
destroy, 0.001, 1.000, 0.001
respectful, 0.001, 1.000, 0.001
fold, 0.001, 1.000, 0.001
nose, 0.001, 1.000, 0.001
individual, 0.001, 1.000, 0.001
boot, 0.001, 1.000, 0.001
actively, 0.001, 1.000, 0.001
pen, 0.001, 1.000, 0.001
civilian, 0.001, 1.000, 0.001
I\`ve, 0.001, 1.000, 0.001
eh, 0.001, 1.000, 0.001
bird, 0.001, 1.000, 0.001
messenger, 0.001, 1.000, 0.001
constant, 0.001, 1.000, 0.001
english, 0.001, 1.000, 0.001
sting, 0.001, 1.000, 0.001
focusse, 0.001, 1.000, 0.001
doormat, 0.001, 1.000, 0.001
SHIT, 0.001, 1.000, 0.001
breed, 0.001, 1.000, 0.001
artist, 0.001, 1.000, 0.001
love, 0.001, 1.000, 0.001
surprised, 0.001, 1.000, 0.001
deny, 0.001, 1.000, 0.001
earned, 0.001, 1.000, 0.001
seperate, 0.001, 1.000, 0.001
BS, 0.001, 1.000, 0.001
25, 0.001, 1.000, 0.001
listening, 0.001, 1.000, 0.001
emotional, 0.001, 1.000, 0.001
reply, 0.000, 1.000, 0.000
brutal, 0.000, 1.000, 0.000
sad, 0.000, 1.000, 0.000
battle, 0.000, 1.000, 0.000
bliss, 0.000, 1.000, 0.000
busy, 0.000, 1.000, 0.000
wierd, 0.000, 1.000, 0.000
ultimately, 0.000, 1.000, 0.000
burn, 0.000, 1.000, 0.000
prior, 0.000, 1.000, 0.000
happy:-/, 0.000, 1.000, 0.000
shake, 0.000, 1.000, 0.000
valentines, 0.000, 1.000, 0.000
Bed, 0.000, 1.000, 0.000
pastor, 0.000, 1.000, 0.000
pessimistic, 0.000, 1.000, 0.000
traffic, 0.000, 1.000, 0.000
Group num: 5, TC(X;Y_j): 1.778
puppy, 0.047, 1.000, 0.047
oven, 0.045, 1.000, 0.045
advertise, 0.044, 1.000, 0.044
wayside, 0.043, 1.000, 0.043
threat, 0.042, 1.000, 0.042
ultimatum, 0.042, 1.000, 0.042
smack, 0.041, 1.000, 0.041
yk, 0.039, 1.000, 0.039
i.e., 0.039, 1.000, 0.039
lung, 0.038, 1.000, 0.038
primarily, 0.037, 1.000, 0.037
group, 0.035, 1.000, 0.035
secondary, 0.033, 1.000, 0.033
click, 0.032, 1.000, 0.032
criterion, 0.030, 1.000, 0.030
drag, 0.030, 1.000, 0.030
summer, 0.030, 1.000, 0.030
upstairs, 0.029, 1.000, 0.029
expire, 0.028, 1.000, 0.028
dad, 0.028, 1.000, 0.028
chronically, 0.027, 1.000, 0.027
badly, 0.027, 1.000, 0.027
admit, 0.025, 1.000, 0.025
discuss, 0.024, 1.000, 0.024
humanity, 0.024, 1.000, 0.024
lie, 0.024, 1.000, 0.024
invade, 0.024, 1.000, 0.024
lilikoi, 0.024, 1.000, 0.024
regulation, 0.024, 1.000, 0.024
mind, 0.024, 1.000, 0.024
persevere, 0.024, 1.000, 0.024
32, 0.023, 1.000, 0.023
ounce, 0.023, 1.000, 0.023
wonderful, 0.022, 1.000, 0.022
require, 0.022, 1.000, 0.022
Benz, 0.019, 1.000, 0.019
plot, 0.019, 1.000, 0.019
repetitive, 0.019, 1.000, 0.019
fun, 0.017, 1.000, 0.017
amp, 0.017, 1.000, 0.017
xbox, 0.017, 1.000, 0.017
connection, 0.017, 1.000, 0.017
breeze, 0.017, 1.000, 0.017
gold, 0.017, 1.000, 0.017
sadboii, 0.016, 1.000, 0.016
forsaken, 0.016, 1.000, 0.016
sob, 0.016, 1.000, 0.016
Daisy, 0.015, 1.000, 0.015
belive, 0.015, 1.000, 0.015
dreamt, 0.015, 1.000, 0.015
evaluate, 0.015, 1.000, 0.015
BRAIN, 0.014, 1.000, 0.014
dry, 0.014, 1.000, 0.014
earth, 0.014, 1.000, 0.014
recently, 0.014, 1.000, 0.014
launch, 0.014, 1.000, 0.014
pluck, 0.014, 1.000, 0.014
looking, 0.014, 1.000, 0.014
stage, 0.013, 1.000, 0.013
obsession, 0.013, 1.000, 0.013
literally, 0.013, 1.000, 0.013
shop, 0.013, 1.000, 0.013
exhaust, 0.013, 1.000, 0.013
BETTER, 0.013, 1.000, 0.013
moment, 0.013, 1.000, 0.013
anticipation, 0.013, 1.000, 0.013
poor, 0.012, 1.000, 0.012
bomb, 0.012, 1.000, 0.012
sexual, 0.012, 1.000, 0.012
contempt, 0.012, 1.000, 0.012
magically, 0.012, 1.000, 0.012
breakdown, 0.012, 1.000, 0.012
scroll, 0.012, 1.000, 0.012
ago, 0.012, 1.000, 0.012
catastrophe, 0.012, 1.000, 0.012
 


 , 0.012, 1.000, 0.012
mindset, 0.011, 1.000, 0.011
kick, 0.011, 1.000, 0.011
struggle, 0.011, 1.000, 0.011
unsettle, 0.011, 1.000, 0.011
drink, 0.011, 1.000, 0.011
redditor, 0.011, 1.000, 0.011
bottomless, 0.010, 1.000, 0.010
restore, 0.010, 1.000, 0.010
21st, 0.010, 1.000, 0.010
miracle, 0.010, 1.000, 0.010
heterosexual, 0.010, 1.000, 0.010
etc, 0.010, 1.000, 0.010
dissociate, 0.010, 1.000, 0.010
dorm, 0.010, 1.000, 0.010
pleasant, 0.009, 1.000, 0.009
p.m., 0.009, 1.000, 0.009
shoulder, 0.009, 1.000, 0.009
heavy, 0.009, 1.000, 0.009
sponsor, 0.009, 1.000, 0.009
Gooseberry, 0.009, 1.000, 0.009
bite, 0.009, 1.000, 0.009
folk, 0.009, 1.000, 0.009
dr, 0.009, 1.000, 0.009
extreme, 0.008, 1.000, 0.008
theoretically, 0.008, 1.000, 0.008
Christmas, 0.008, 1.000, 0.008
subreddit, 0.008, 1.000, 0.008
better, 0.008, 1.000, 0.008
car, 0.008, 1.000, 0.008
isolation, 0.008, 1.000, 0.008
homecoming, 0.008, 1.000, 0.008
  , 0.008, 1.000, 0.008
hugging, 0.008, 1.000, 0.008
fcke, 0.007, 1.000, 0.007
sjw, 0.007, 1.000, 0.007
child, 0.007, 1.000, 0.007
unknowingly, 0.007, 1.000, 0.007
slam, 0.007, 1.000, 0.007
TL, 0.007, 1.000, 0.007
law, 0.007, 1.000, 0.007
determine, 0.007, 1.000, 0.007
countless, 0.007, 1.000, 0.007
verbally, 0.007, 1.000, 0.007
wake, 0.007, 1.000, 0.007
writing, 0.007, 1.000, 0.007
traveler, 0.007, 1.000, 0.007
silence, 0.007, 1.000, 0.007
annoy, 0.007, 1.000, 0.007
unfixable, 0.006, 1.000, 0.006
aswell, 0.006, 1.000, 0.006
doctor, 0.006, 1.000, 0.006
anniversary, 0.006, 1.000, 0.006
travel, 0.006, 1.000, 0.006
uncontrollable, 0.006, 1.000, 0.006
coax, 0.006, 1.000, 0.006
stair, 0.006, 1.000, 0.006
describe, 0.006, 1.000, 0.006
gas, 0.006, 1.000, 0.006
irate, 0.006, 1.000, 0.006
heartbeat, 0.006, 1.000, 0.006
rn, 0.006, 1.000, 0.006
directly, 0.006, 1.000, 0.006
idiotic, 0.006, 1.000, 0.006
freak, 0.006, 1.000, 0.006
chat, 0.006, 1.000, 0.006
wise, 0.006, 1.000, 0.006
complex, 0.006, 1.000, 0.006
avoid, 0.006, 1.000, 0.006
earn, 0.006, 1.000, 0.006
snippet, 0.005, 1.000, 0.005
pessimism, 0.005, 1.000, 0.005
fourth, 0.005, 1.000, 0.005
present, 0.005, 1.000, 0.005
carry, 0.005, 1.000, 0.005
disdain, 0.005, 1.000, 0.005
wanted, 0.005, 1.000, 0.005
bother, 0.005, 1.000, 0.005
recover, 0.005, 1.000, 0.005
tenure, 0.005, 1.000, 0.005
disconnect, 0.005, 1.000, 0.005
purposely, 0.005, 1.000, 0.005
host, 0.005, 1.000, 0.005
joke, 0.005, 1.000, 0.005
distraught, 0.005, 1.000, 0.005
pressure, 0.005, 1.000, 0.005
yep, 0.005, 1.000, 0.005
wince, 0.005, 1.000, 0.005
ethic, 0.005, 1.000, 0.005
diploma, 0.005, 1.000, 0.005
supoprt, 0.004, 1.000, 0.004
obviously, 0.004, 1.000, 0.004
screen, 0.004, 1.000, 0.004
deceased, 0.004, 1.000, 0.004
verge, 0.004, 1.000, 0.004
map, 0.004, 1.000, 0.004
related, 0.004, 1.000, 0.004
corpse, 0.004, 1.000, 0.004
prime, 0.004, 1.000, 0.004
dissappeare, 0.004, 1.000, 0.004
compare, 0.004, 1.000, 0.004
gently, 0.004, 1.000, 0.004
pissed, 0.004, 1.000, 0.004
race, 0.004, 1.000, 0.004
honestly, 0.004, 1.000, 0.004
possibility, 0.004, 1.000, 0.004
drunk, 0.004, 1.000, 0.004
truck, 0.004, 1.000, 0.004
Afghanistan, 0.004, 1.000, 0.004
 
   
 , 0.004, 1.000, 0.004
apart, 0.004, 1.000, 0.004
fine, 0.004, 1.000, 0.004
cook, 0.004, 1.000, 0.004
Hotline, 0.004, 1.000, 0.004
super, 0.004, 1.000, 0.004
scream, 0.004, 1.000, 0.004
aphasia, 0.004, 1.000, 0.004
equal, 0.004, 1.000, 0.004
semester, 0.004, 1.000, 0.004
embarrassed, 0.004, 1.000, 0.004
poorly, 0.004, 1.000, 0.004
countdown, 0.004, 1.000, 0.004
cause, 0.004, 1.000, 0.004
prayer, 0.004, 1.000, 0.004
sail, 0.004, 1.000, 0.004
tonight, 0.004, 1.000, 0.004
critical, 0.004, 1.000, 0.004
canvas, 0.004, 1.000, 0.004
write, 0.004, 1.000, 0.004
aimlessly, 0.004, 1.000, 0.004
think, 0.004, 1.000, 0.004
buy, 0.004, 1.000, 0.004
distract, 0.004, 1.000, 0.004
follower, 0.004, 1.000, 0.004
sub, 0.004, 1.000, 0.004
internet, 0.004, 1.000, 0.004
chatting, 0.003, 1.000, 0.003
cycle, 0.003, 1.000, 0.003
needy, 0.003, 1.000, 0.003
enjoy, 0.003, 1.000, 0.003
refuse, 0.003, 1.000, 0.003
express, 0.003, 1.000, 0.003
beneficial, 0.003, 1.000, 0.003
selfish, 0.003, 1.000, 0.003
eviction, 0.003, 1.000, 0.003
example, 0.003, 1.000, 0.003
base, 0.003, 1.000, 0.003
shine, 0.003, 1.000, 0.003
business, 0.003, 1.000, 0.003
translation, 0.003, 1.000, 0.003
rush, 0.003, 1.000, 0.003
bore, 0.003, 1.000, 0.003
petty, 0.003, 1.000, 0.003
seed, 0.003, 1.000, 0.003
joy, 0.003, 1.000, 0.003
expand, 0.003, 1.000, 0.003
gun, 0.003, 1.000, 0.003
restless, 0.003, 1.000, 0.003
surgery, 0.003, 1.000, 0.003
program, 0.003, 1.000, 0.003
distancing, 0.003, 1.000, 0.003
pummel, 0.003, 1.000, 0.003
rebel, 0.003, 1.000, 0.003
https://www.fundingawards.nihr.ac.uk, 0.003, 1.000, 0.003
unlike, 0.003, 1.000, 0.003
lift, 0.003, 1.000, 0.003
empathy, 0.003, 1.000, 0.003
approach, 0.003, 1.000, 0.003
lovely, 0.003, 1.000, 0.003
grandma, 0.003, 1.000, 0.003
member, 0.003, 1.000, 0.003
abandon, 0.003, 1.000, 0.003
inappropriate, 0.003, 1.000, 0.003
fetishize, 0.003, 1.000, 0.003
fruitlessly, 0.003, 1.000, 0.003
count, 0.003, 1.000, 0.003
GOD, 0.003, 1.000, 0.003
creature, 0.003, 1.000, 0.003
guilt, 0.003, 1.000, 0.003
complete, 0.003, 1.000, 0.003
adhd, 0.003, 1.000, 0.003
rack, 0.003, 1.000, 0.003
heaviness, 0.003, 1.000, 0.003
tired, 0.003, 1.000, 0.003
injure, 0.003, 1.000, 0.003
tether, 0.003, 1.000, 0.003
impotent, 0.003, 1.000, 0.003
medication, 0.003, 1.000, 0.003
lurker, 0.003, 1.000, 0.003
kn, 0.003, 1.000, 0.003
stray, 0.003, 1.000, 0.003
strain, 0.003, 1.000, 0.003
essay, 0.003, 1.000, 0.003
near, 0.003, 1.000, 0.003
9th, 0.003, 1.000, 0.003
misunderstood, 0.003, 1.000, 0.003
offense, 0.003, 1.000, 0.003
guidanc, 0.003, 1.000, 0.003
area, 0.003, 1.000, 0.003
cutting, 0.003, 1.000, 0.003
attitude, 0.003, 1.000, 0.003
thankful, 0.003, 1.000, 0.003
psychic, 0.003, 1.000, 0.003
Taiwan, 0.003, 1.000, 0.003
approximately, 0.003, 1.000, 0.003
humiliate, 0.003, 1.000, 0.003
yesterday, 0.003, 1.000, 0.003
reflection, 0.003, 1.000, 0.003
gloom, 0.003, 1.000, 0.003
nuisance, 0.003, 1.000, 0.003
big, 0.003, 1.000, 0.003
exhausting, 0.003, 1.000, 0.003
expect, 0.003, 1.000, 0.003
graduate, 0.003, 1.000, 0.003
poem, 0.003, 1.000, 0.003
moderate, 0.003, 1.000, 0.003
welcome, 0.003, 1.000, 0.003
span/, 0.003, 1.000, 0.003
atm, 0.003, 1.000, 0.003
online, 0.003, 1.000, 0.003
burden, 0.003, 1.000, 0.003
mess, 0.003, 1.000, 0.003
environment, 0.003, 1.000, 0.003
zombie, 0.003, 1.000, 0.003
Taliban, 0.003, 1.000, 0.003
tension, 0.003, 1.000, 0.003
decrease, 0.003, 1.000, 0.003
meter, 0.002, 1.000, 0.002
hit, 0.002, 1.000, 0.002
produce, 0.002, 1.000, 0.002
windpipe, 0.002, 1.000, 0.002
inch, 0.002, 1.000, 0.002
XBOX, 0.002, 1.000, 0.002
separate, 0.002, 1.000, 0.002
hah, 0.002, 1.000, 0.002
heck, 0.002, 1.000, 0.002
slave, 0.002, 1.000, 0.002
judgement, 0.002, 1.000, 0.002
22, 0.002, 1.000, 0.002
BPD, 0.002, 1.000, 0.002
dog, 0.002, 1.000, 0.002
single, 0.002, 1.000, 0.002
manipulative, 0.002, 1.000, 0.002
air, 0.002, 1.000, 0.002
China, 0.002, 1.000, 0.002
charge, 0.002, 1.000, 0.002
December, 0.002, 1.000, 0.002
behave, 0.002, 1.000, 0.002
lease, 0.002, 1.000, 0.002
shout, 0.002, 1.000, 0.002
essentially, 0.002, 1.000, 0.002

  , 0.002, 1.000, 0.002
debride, 0.002, 1.000, 0.002
investment, 0.002, 1.000, 0.002
far, 0.002, 1.000, 0.002
disaster, 0.002, 1.000, 0.002
street, 0.002, 1.000, 0.002
site, 0.002, 1.000, 0.002
success, 0.002, 1.000, 0.002
relapse, 0.002, 1.000, 0.002
practice, 0.002, 1.000, 0.002
realize, 0.002, 1.000, 0.002
contemplate, 0.002, 1.000, 0.002
Northern, 0.002, 1.000, 0.002
Reddit, 0.002, 1.000, 0.002
mentally, 0.002, 1.000, 0.002
channel, 0.002, 1.000, 0.002
delete, 0.002, 1.000, 0.002
TL;DR, 0.002, 1.000, 0.002
pussie, 0.002, 1.000, 0.002
horror, 0.002, 1.000, 0.002
$, 0.002, 1.000, 0.002
wife, 0.002, 1.000, 0.002
6, 0.002, 1.000, 0.002
idk, 0.002, 1.000, 0.002
join, 0.002, 1.000, 0.002
age, 0.002, 1.000, 0.002
venlafaxine+mirtazapine, 0.002, 1.000, 0.002
outright, 0.002, 1.000, 0.002
ragged, 0.002, 1.000, 0.002
version, 0.002, 1.000, 0.002
medicated, 0.002, 1.000, 0.002
revolve, 0.002, 1.000, 0.002
 
 , 0.002, 1.000, 0.002
bag, 0.002, 1.000, 0.002
sink, 0.002, 1.000, 0.002
away, 0.002, 1.000, 0.002
piss, 0.002, 1.000, 0.002
specific, 0.002, 1.000, 0.002
switch, 0.002, 1.000, 0.002
spit, 0.002, 1.000, 0.002
F&gt;M, 0.002, 1.000, 0.002
proceed, 0.002, 1.000, 0.002
singular, 0.002, 1.000, 0.002
stressed, 0.002, 1.000, 0.002
progressive, 0.002, 1.000, 0.002
interest, 0.002, 1.000, 0.002
sight, 0.002, 1.000, 0.002
genuinely, 0.002, 1.000, 0.002
dissapointment, 0.002, 1.000, 0.002
disappointment, 0.002, 1.000, 0.002
laugh, 0.002, 1.000, 0.002
image, 0.002, 1.000, 0.002
childhood, 0.002, 1.000, 0.002
drastic, 0.002, 1.000, 0.002
pc, 0.002, 1.000, 0.002
caffeine, 0.002, 1.000, 0.002
ppl, 0.002, 1.000, 0.002
currency, 0.002, 1.000, 0.002
answer, 0.002, 1.000, 0.002
schedule, 0.002, 1.000, 0.002
taiwanese, 0.002, 1.000, 0.002
delay, 0.002, 1.000, 0.002
waste, 0.002, 1.000, 0.002
Translate, 0.002, 1.000, 0.002
Neem, 0.002, 1.000, 0.002
mood, 0.002, 1.000, 0.002
train, 0.002, 1.000, 0.002
auto, 0.002, 1.000, 0.002
shade, 0.002, 1.000, 0.002
uncoordinated, 0.002, 1.000, 0.002
oblivious, 0.002, 1.000, 0.002
physically, 0.002, 1.000, 0.002
wht, 0.002, 1.000, 0.002
cheer, 0.002, 1.000, 0.002
eggshell, 0.002, 1.000, 0.002
hard, 0.002, 1.000, 0.002
Withers, 0.002, 1.000, 0.002
interesting, 0.002, 1.000, 0.002
toll, 0.002, 1.000, 0.002
extrovert, 0.002, 1.000, 0.002
purely, 0.002, 1.000, 0.002
charm, 0.002, 1.000, 0.002
birthday, 0.002, 1.000, 0.002
companion, 0.002, 1.000, 0.002
spark, 0.002, 1.000, 0.002
repress, 0.002, 1.000, 0.002
knee, 0.002, 1.000, 0.002
competent, 0.002, 1.000, 0.002
government(us, 0.002, 1.000, 0.002
ashamed, 0.002, 1.000, 0.002
rocket, 0.002, 1.000, 0.002
nature, 0.002, 1.000, 0.002
Dad, 0.002, 1.000, 0.002
ment, 0.002, 1.000, 0.002
annoyance, 0.002, 1.000, 0.002
electric, 0.002, 1.000, 0.002
saturate, 0.002, 1.000, 0.002
series, 0.002, 1.000, 0.002
west, 0.002, 1.000, 0.002
boring, 0.002, 1.000, 0.002
E, 0.002, 1.000, 0.002
object, 0.001, 1.000, 0.001
thin, 0.001, 1.000, 0.001
education, 0.001, 1.000, 0.001
lay, 0.001, 1.000, 0.001
serve, 0.001, 1.000, 0.001
facility, 0.001, 1.000, 0.001
stem, 0.001, 1.000, 0.001
denial, 0.001, 1.000, 0.001
maggot, 0.001, 1.000, 0.001
bottle, 0.001, 1.000, 0.001
bathroom, 0.001, 1.000, 0.001
daydream, 0.001, 1.000, 0.001
handcuff, 0.001, 1.000, 0.001
sociable, 0.001, 1.000, 0.001
home-1, 0.001, 1.000, 0.001
apologize, 0.001, 1.000, 0.001
soon, 0.001, 1.000, 0.001
lvl, 0.001, 1.000, 0.001
european, 0.001, 1.000, 0.001
cowardice, 0.001, 1.000, 0.001
breeding, 0.001, 1.000, 0.001
anew, 0.001, 1.000, 0.001
privileged, 0.001, 1.000, 0.001
disappoint, 0.001, 1.000, 0.001
disagreement, 0.001, 1.000, 0.001
exactly, 0.001, 1.000, 0.001
enjoyable, 0.001, 1.000, 0.001
overthinke, 0.001, 1.000, 0.001
advertisement, 0.001, 1.000, 0.001
shrug, 0.001, 1.000, 0.001
like/, 0.001, 1.000, 0.001
disabled, 0.001, 1.000, 0.001
old, 0.001, 1.000, 0.001
bet, 0.001, 1.000, 0.001
corner, 0.001, 1.000, 0.001
confidential, 0.001, 1.000, 0.001
FUCK, 0.001, 1.000, 0.001
million, 0.001, 1.000, 0.001
sleeping, 0.001, 1.000, 0.001
hole, 0.001, 1.000, 0.001
cunt, 0.001, 1.000, 0.001
situation, 0.001, 1.000, 0.001
juice, 0.001, 1.000, 0.001
meme, 0.001, 1.000, 0.001
raise, 0.001, 1.000, 0.001
naive, 0.001, 1.000, 0.001
laptop, 0.001, 1.000, 0.001
performance, 0.001, 1.000, 0.001
blind, 0.001, 1.000, 0.001
pit, 0.001, 1.000, 0.001
meth, 0.001, 1.000, 0.001
explore, 0.001, 1.000, 0.001
castrate, 0.001, 1.000, 0.001
Lemme, 0.001, 1.000, 0.001
interview, 0.001, 1.000, 0.001
resonate, 0.001, 1.000, 0.001
support(venting, 0.001, 1.000, 0.001
beat, 0.001, 1.000, 0.001
bupropion, 0.001, 1.000, 0.001
2019, 0.001, 1.000, 0.001
33, 0.001, 1.000, 0.001
melancholic, 0.001, 1.000, 0.001
house, 0.001, 1.000, 0.001
twist, 0.001, 1.000, 0.001
star, 0.001, 1.000, 0.001
Christian, 0.001, 1.000, 0.001
viewing, 0.001, 1.000, 0.001
background, 0.001, 1.000, 0.001
sea, 0.001, 1.000, 0.001
newspaper, 0.001, 1.000, 0.001
rule, 0.001, 1.000, 0.001
30, 0.001, 1.000, 0.001
lip, 0.001, 1.000, 0.001
ucke, 0.001, 1.000, 0.001
Syndrome, 0.001, 1.000, 0.001
exaggerate, 0.001, 1.000, 0.001
improvement, 0.001, 1.000, 0.001
marinade, 0.001, 1.000, 0.001
repeat, 0.001, 1.000, 0.001
trans, 0.001, 1.000, 0.001
socializing, 0.001, 1.000, 0.001
errand, 0.001, 1.000, 0.001
executive, 0.001, 1.000, 0.001
school, 0.001, 1.000, 0.001
willpower, 0.001, 1.000, 0.001
20, 0.001, 1.000, 0.001
financial, 0.001, 1.000, 0.001
dick, 0.001, 1.000, 0.001
mate, 0.001, 1.000, 0.001
Qurantin, 0.001, 1.000, 0.001
realise, 0.001, 1.000, 0.001
wish, 0.001, 1.000, 0.001
begin, 0.001, 1.000, 0.001
bust, 0.001, 1.000, 0.001
leg, 0.001, 1.000, 0.001
LIFE, 0.001, 1.000, 0.001
precious, 0.001, 1.000, 0.001
distracted, 0.001, 1.000, 0.001
input, 0.001, 1.000, 0.001
phew, 0.001, 1.000, 0.001
frustrate, 0.001, 1.000, 0.001
extend, 0.001, 1.000, 0.001
iq, 0.001, 1.000, 0.001
belief, 0.001, 1.000, 0.001
fellow, 0.001, 1.000, 0.001
assembly, 0.001, 1.000, 0.001
interested, 0.000, 1.000, 0.000
hentai, 0.000, 1.000, 0.000
watch, 0.000, 1.000, 0.000
complainer, 0.000, 1.000, 0.000
breathing, 0.000, 1.000, 0.000
mile, 0.000, 1.000, 0.000
transfer, 0.000, 1.000, 0.000
girl, 0.000, 1.000, 0.000
pitty, 0.000, 1.000, 0.000
live, 0.000, 1.000, 0.000
deer, 0.000, 1.000, 0.000
myslelf, 0.000, 1.000, 0.000
acquaintance, 0.000, 1.000, 0.000
quit, 0.000, 1.000, 0.000
twice, 0.000, 1.000, 0.000
heartbreak, 0.000, 1.000, 0.000
drank, 0.000, 1.000, 0.000
o, 0.000, 1.000, 0.000
view, 0.000, 1.000, 0.000
